# Object Export From Tinkercad Server 2015

mtllib obj.mtl

o obj_0
v 34.551 		0.332 		23.707
v 6.28 		7.271 		2.619
v 34.767 		-0.344 		23.4
v 5.24 		8.626 		2.619
v 35.048 		-0.915 		22.991
v -12.885 		3.759 		38.981
v -3.44 		8.053 		-1.459
v -1.982 		8.494 		-0.648
v -3.057 		7.67 		-0.648
v -36.327 		0.204 		16.184
v 40.461 		10.227 		6.803
v 7.684 		-3.072 		0.309
v 4.666 		8.053 		2.077
v 5.916 		9.303 		-2.191
v 40.68 		10.124 		5.463
v -36.901 		-0.076 		14.84
v -36.603 		-0.006 		15.553
v -3.882 		6.595 		-0.648
v -36.82 		-2.031 		15.038
v 40.836 		9.815 		4.273
v 4.363 		-2.496 		2.809
v -14.515 		4.844 		38.384
v 40.198 		10.125 		8.134
v 7.108 		7.749 		2.809
v -12.519 		3.759 		37.913
v -37.654 		-0.076 		12.833
v 33.63 		0.332 		23.053
v 33.84 		-0.344 		22.754
v -7.882 		8.904 		-0.648
v 7.937 		8.228 		2.619
v 7.166 		-2.554 		2.077
v -13.423 		4.214 		37.591
v -14.104 		4.844 		37.332
v 3.885 		9.666 		-2.001
v 7.55 		-2.937 		1.266
v -7.413 		8.633 		-1.459
v 35.046 		0.69 		20.919
v 35.285 		-1.997 		20.527
v 34.839 		-1.739 		21.249
v -6.711 		8.228 		-2.001
v 5.443 		5.294 		0.309
v 40.311 		8.169 		7.589
v 4.943 		6.499 		0.309
v 40.84 		7.128 		4.233
v 7.55 		-2.937 		-0.648
v -5.882 		7.749 		-2.191
v 2.097 		9.536 		-1.459
v 36.328 		0.125 		20.984
v 0.613 		9.732 		-1.459
v 36.006 		0.69 		21.513
v 7.166 		-2.554 		-1.459
v 40.698 		7.961 		5.337
v 40.594 		8.169 		6.025
v 5.626 		5.343 		1.266
v 40.461 		8.238 		6.803
v 5.108 		6.595 		1.266
v -5.054 		7.271 		-2.001
v 0.613 		9.19 		-0.648
v 6.15 		5.483 		2.077
v 4.363 		-2.496 		-2.191
v -13.815 		4.214 		38.65
v 40.779 		7.614 		4.739
v 36.252 		-1.997 		21.111
v 35.794 		-1.739 		21.852
v -7.556 		6.188 		-2.001
v 35.391 		-1.379 		22.477
v 5.577 		6.866 		2.077
v -38.721 		-0.076 		13.202
v -37.642 		-0.006 		15.997
v -37.947 		-0.076 		15.264
v -37.864 		-2.031 		15.468
v -6.631 		5.941 		-2.191
v -13.318 		1.518 		38.83
v -12.94 		1.518 		37.766
v 6.933 		5.693 		2.619
v 0.613 		-2.544 		2.619
v 2.307 		-2.321 		2.619
v -5.707 		5.693 		-2.001
v 34.448 		-1.379 		21.856
v 40.913 		5.807 		3.543
v 7.857 		5.941 		2.809
v 40.884 		6.52 		3.831
v -4.351 		6.866 		-1.459
v -4.924 		5.483 		-1.459
v -15.657 		1.115 		37.918
v 34.114 		-0.915 		22.356
v 7.937 		8.228 		-2.001
v 3.113 		8.33 		0.309
v -15.215 		1.115 		36.879
v -4.4 		5.343 		-0.648
v -38.858 		1.878 		8.62
v 40.942 		9.301 		3.235
v 1.907 		8.829 		0.309
v 37.027 		3.249 		19.77
v 0.613 		-2.544 		-2.001
v -12.376 		0.125 		39.152
v -38.889 		2.383 		8.483
v 2.307 		-2.321 		-2.001
v -38.94 		2.836 		8.254
v -12.962 		0.69 		38.955
v 7.108 		7.749 		-2.191
v -8.862 		6.538 		-0.648
v -12.516 		-1.997 		39.106
v 0.613 		8.999 		0.309
v -8.339 		6.398 		-1.459
v 3.208 		8.494 		1.266
v 41.708 		-0.144 		6.21
v 5.613 		-4.661 		0.309
v 5.518 		-4.496 		-0.648
v -3.882 		1.404 		-0.648
v -12.594 		0.69 		37.887
v 3.479 		8.964 		2.077
v 41.42 		-0.142 		7.803
v 41.569 		-0.214 		7.02
v 6.28 		7.271 		-2.001
v 38.271 		4.832 		17.338
v 38.696 		4.505 		16.405
v 37.249 		4.832 		16.857
v 5.247 		-4.027 		-1.459
v 5.24 		8.626 		-2.001
v -7.844 		3.999 		-2.001
v -14.201 		-0.915 		37.294
v -13.64 		-1.379 		37.51
v 4.841 		-3.324 		-2.001
v -6.887 		3.999 		-2.191
v 4.666 		8.053 		-1.459
v -12.961 		-1.739 		37.758
v 1.956 		9.013 		1.266
v 4.841 		-3.324 		2.619
v -5.93 		3.999 		-2.001
v 41.569 		-2.202 		7.02
v 5.247 		-4.027 		2.077
v 4.283 		7.67 		-0.648
v -38.848 		1.321 		8.666
v 41.95 		-1.776 		4.462
v -5.119 		3.999 		-1.459
v -14.038 		-1.379 		38.567
v 5.518 		-4.496 		1.266
v 7.857 		5.941 		-2.191
v 41.963 		0.901 		4.358
v -39.948 		1.321 		8.918
v -13.34 		-1.739 		38.822
v -39.959 		1.878 		8.871
v 41.9 		0.413 		4.878
v -4.577 		3.999 		-0.648
v 37.23 		2.459 		16.899
v 37.017 		2.709 		17.341
v 37.385 		2.152 		16.567
v 6.933 		5.693 		-2.001
v 3.201 		-5.66 		0.309
v -39.991 		2.383 		8.73
v -40.043 		2.836 		8.495
v 41.816 		0.065 		5.495
v 2.554 		-3.245 		2.809
v -14.614 		-0.915 		38.345
v -15.075 		-0.344 		38.16
v -14.65 		-0.344 		37.114
v 41.849 		-2.013 		5.258
v 41.723 		-2.155 		6.112
v 2.802 		-4.169 		2.619
v -15.423 		0.332 		38.017
v 38.251 		2.459 		17.381
v -7.556 		1.811 		-2.001
v 6.15 		5.483 		-1.459
v 38.41 		2.152 		17.039
v 3.012 		-4.952 		2.077
v 38.033 		2.709 		17.836
v 5.577 		6.866 		-1.459
v -6.631 		2.058 		-2.191
v -14.987 		0.332 		36.975
v 3.152 		-5.476 		1.266
v -39.964 		0.52 		8.849
v -38.863 		0.52 		8.598
v -0.871 		9.536 		2.077
v -5.707 		2.306 		-2.001
v 10.613 		3.999 		0.309
v 10.272 		1.411 		0.309
v -40.011 		-0.184 		8.639
v 38.508 		1.773 		16.826
v -40.088 		-0.791 		8.289
v 0.613 		-6.001 		0.309
v -38.909 		-0.184 		8.394
v 38.54 		1.304 		16.755
v 0.613 		-3.501 		2.809
v -2.659 		9.666 		2.619
v -4.924 		2.516 		-1.459
v 9.07 		3.999 		2.619
v 0.613 		-4.457 		2.619
v 8.782 		1.811 		2.619
v -38.404 		-2.031 		10.419
v -4.351 		1.133 		-1.459
v -39.492 		-2.031 		10.721
v 0.613 		-5.268 		2.077
v 42.06 		4.064 		3.416
v -39.132 		9.374 		7.32
v -40.241 		9.374 		7.535
v 42.054 		4.988 		3.475
v -40.351 		9.747 		6.943
v 9.565 		1.601 		2.077
v -39.24 		9.747 		6.745
v 0.613 		-5.81 		1.266
v -4.4 		2.656 		-0.648
v 9.881 		3.999 		2.077
v 37.338 		-0.308 		19.197
v -4.69 		9.303 		2.809
v 42.038 		2.249 		3.652
v 37.305 		-2.202 		19.26
v 5.626 		5.343 		-0.648
v 5.108 		6.595 		-0.648
v -5.367 		9.979 		2.619
v 3.152 		-5.476 		-0.648
v -4.014 		-0.627 		-2.001
v 38.47 		0.599 		16.91
v 38.255 		0.095 		17.373
v 0.613 		-5.81 		-0.648
v -40.47 		10.014 		6.246
v -3.44 		-0.054 		-1.459
v 37.884 		-0.207 		18.139
v 10.088 		1.461 		1.266
v 3.012 		-4.952 		-1.459
v 37.869 		-2.144 		18.167
v 10.423 		3.999 		1.266
v -2.253 		-0.965 		-1.459
v 42.054 		3.098 		3.475
v 0.613 		-5.268 		-1.459
v -0.681 		8.829 		0.309
v -1.887 		8.33 		0.309
v -40.711 		10.227 		4.528
v -40.592 		10.174 		5.441
v -3.057 		0.329 		-0.648
v 2.802 		-4.169 		-2.001
v -39.474 		10.174 		5.282
v 36.872 		-0.207 		17.636
v -1.982 		-0.495 		-0.648
v -39.589 		10.227 		4.394
v 37.233 		0.095 		16.891
v 0.613 		-4.457 		-2.001
v -39.355 		10.014 		6.066
v -0.73 		-1.014 		-0.648
v 9.273 		-1.001 		0.309
v -0.73 		9.013 		1.266
v 42.008 		1.516 		3.946
v 2.554 		-3.245 		-2.191
v -1.982 		8.494 		1.266
v 0.613 		-3.501 		-2.191
v -2.923 		7.535 		0.309
v 3.479 		8.964 		-1.459
v -2.659 		-1.667 		-2.001
v -3.057 		7.67 		1.266
v -1.081 		-2.321 		2.619
v -2.253 		8.964 		2.077
v 3.208 		8.494 		-0.648
v 41.083 		2.292 		0.924
v 1.956 		9.013 		-0.648
v 41.089 		4.064 		0.738
v 38.335 		-1.968 		17.202
v -0.871 		-1.537 		-1.459
v -3.137 		-2.496 		2.809
v -38.972 		8.357 		8.104
v -39.041 		8.907 		7.778
v -40.147 		8.907 		8.005
v 37.442 		0.599 		16.44
v 41.075 		1.491 		1.157
v -3.44 		8.053 		2.077
v 8.639 		-0.634 		2.077
v 10.088 		1.461 		-0.648
v 37.311 		-1.968 		16.725
v -7.882 		-0.905 		-0.648
v 10.423 		3.999 		-0.648
v 9.108 		-0.905 		1.266
v -4.014 		8.626 		2.619
v 42.212 		2.292 		0.96
v 42.218 		4.064 		0.769
v 42.204 		1.491 		1.2
v -7.413 		-0.634 		-1.459
v 36.039 		3.249 		19.223
v -3.137 		-2.496 		-2.191
v 9.881 		3.999 		-1.459
v -6.711 		-0.229 		-2.001
v 5.613 		3.999 		0.309
v 9.565 		1.601 		-1.459
v -3.717 		6.499 		0.309
v -3.882 		6.595 		1.266
v 9.07 		3.999 		-2.001
v -5.882 		0.249 		-2.191
v 8.782 		1.811 		-2.001
v 5.803 		3.999 		1.266
v -1.081 		-2.321 		-2.001
v -8.047 		8.999 		0.309
v -5.054 		0.728 		-2.001
v -5.054 		7.271 		2.619
v -6.458 		-3.072 		0.309
v 36.859 		-2.144 		17.664
v 9.108 		-0.905 		-0.648
v 36.342 		-0.308 		18.666
v -5.94 		-2.554 		2.077
v 36.31 		-2.202 		18.726
v -5.882 		7.749 		2.809
v 42.136 		-0.517 		2.465
v 42.091 		-1.022 		3.053
v 35.778 		-2.151 		19.688
v -6.324 		-2.937 		1.266
v 8.639 		-0.634 		-1.459
v 35.359 		0.125 		20.404
v -6.711 		8.228 		2.619
v -5.367 		-1.98 		-2.001
v 42.03 		-1.444 		3.723
v 35.792 		-0.2 		19.662
v -7.413 		8.633 		2.077
v -6.324 		-2.937 		-0.648
v 8.113 		3.999 		-2.191
v -40.16 		5.152 		7.941
v 7.156 		3.999 		-2.001
v -7.882 		8.904 		1.266
v -5.94 		-2.554 		-1.459
v -4.69 		-1.304 		-2.191
v -39.054 		5.152 		7.715
v 41.009 		-0.517 		2.388
v 6.345 		3.999 		-1.459
v 36.774 		-0.2 		20.222
v 40.966 		-1.022 		2.96
v -8.862 		1.461 		-0.648
v -9.197 		3.999 		-0.648
v -1.975 		-5.66 		0.309
v 5.803 		3.999 		-0.648
v -1.328 		-3.245 		2.809
v -4.217 		5.294 		0.309
v -8.339 		1.601 		-1.459
v -1.576 		-4.169 		2.619
v -8.655 		3.999 		-1.459
v -4.4 		5.343 		1.266
v -4.351 		6.866 		2.077
v -3.615 		-3.324 		2.619
v 36.759 		-2.151 		20.248
v 7.857 		2.058 		-2.191
v 41.061 		0.746 		1.483
v -1.786 		-4.952 		2.077
v 41.04 		0.073 		1.895
v -4.021 		-4.027 		2.077
v 42.189 		0.746 		1.535
v 41.302 		10.125 		8.371
v 42.168 		0.073 		1.959
v 6.933 		2.306 		-2.001
v -4.924 		5.483 		2.077
v -39.387 		7.378 		5.862
v -39.434 		7.882 		5.554
v 41.025 		9.82 		9.573
v -32.761 		10.014 		-23.305
v -1.926 		-5.476 		1.266
v 5.577 		1.133 		-1.459
v 6.15 		2.516 		-1.459
v -32.285 		8.104 		-23.983
v -5.707 		5.693 		2.619
v 41.132 		7.619 		9.128
v 41.27 		7.963 		8.519
v 41.008 		7.137 		9.639
v -32.742 		-1.989 		-23.332
v -39.594 		8.307 		4.352
v 40.458 		-0.214 		6.819
v -39.506 		8.201 		5.048
v 40.458 		-2.202 		6.819
v -6.631 		5.941 		2.809
v 40.313 		-0.142 		7.581
v 5.108 		1.404 		-0.648
v 5.626 		2.656 		-0.648
v 40.197 		-2.098 		8.14
v -1.926 		-5.476 		-0.648
v -7.556 		6.188 		2.619
v 6.345 		3.999 		2.077
v -1.786 		-4.952 		-1.459
v -32.325 		-0.07 		-23.928
v -4.021 		-4.027 		-1.459
v 37.79 		9.524 		15.659
v 37.534 		9.832 		16.238
v -32.249 		-2.149 		-24.034
v 7.937 		-0.229 		-2.001
v -1.576 		-4.169 		-2.001
v -9.046 		6.588 		0.309
v 7.108 		0.249 		-2.191
v -3.615 		-3.324 		-2.001
v 38.827 		9.524 		16.106
v -8.339 		6.398 		2.077
v -40.716 		8.307 		4.484
v -32.235 		10.174 		-24.053
v 37.99 		9.115 		15.186
v -40.625 		8.201 		5.2
v -1.328 		-3.245 		-2.191
v 7.156 		3.999 		2.619
v -8.862 		6.538 		1.266
v -40.503 		7.378 		6.037
v 40.608 		-2.155 		5.935
v 5.24 		-0.627 		-2.001
v -40.551 		7.882 		5.72
v 6.28 		0.728 		-2.001
v 40.779 		0.413 		4.735
v -4.387 		-4.661 		0.309
v 40.841 		0.901 		4.229
v -4.292 		-4.496 		-0.648
v -3.717 		1.499 		0.309
v 40.698 		0.065 		5.335
v 40.593 		-0.144 		6.031
v 8.113 		3.999 		2.809
v -3.882 		1.404 		1.266
v -4.292 		-4.496 		1.266
v 4.943 		1.499 		0.309
v 39.033 		9.115 		15.62
v 5.443 		2.705 		0.309
v -30.785 		10.127 		-25.946
v -32.532 		10.227 		-25.551
v -4.387 		3.999 		0.309
v -40.567 		5.5 		5.611
v -31.632 		10.227 		-24.868
v 40.73 		-2.013 		5.105
v 4.666 		-0.054 		-1.459
v -40.507 		6.015 		6.01
v 0.613 		14 		0.309
v -4.577 		3.999 		1.266
v 0.613 		13.809 		-0.648
v 38.147 		8.592 		14.804
v 3.152 		13.475 		-0.648
v 4.283 		0.329 		-0.648
v -5.119 		3.999 		2.077
v 38.264 		7.954 		14.513
v 3.201 		13.659 		0.309
v -40.659 		5.181 		4.948
v 0.613 		13.267 		-1.459
v 5.108 		1.404 		1.266
v -5.93 		3.999 		2.619
v 5.626 		2.656 		1.266
v -31.661 		10.127 		-26.659
v -29.334 		9.33 		-27.632
v -30.169 		9.33 		-28.392
v -6.887 		3.999 		2.809
v 6.593 		-1.98 		-2.001
v -39.45 		5.5 		5.448
v -39.392 		6.015 		5.836
v 0.613 		13.267 		2.077
v 40.829 		-1.776 		4.33
v -30.869 		9.828 		-27.603
v 5.577 		1.133 		2.077
v 5.916 		-1.304 		-2.191
v -30.015 		9.828 		-26.864
v 39.194 		8.592 		15.227
v -7.844 		3.999 		2.619
v 0.613 		13.809 		1.266
v 39.394 		7.201 		14.725
v 39.314 		7.954 		14.928
v 3.152 		13.475 		1.266
v 40.885 		1.516 		3.828
v 40.914 		2.249 		3.542
v 40.935 		4.064 		3.313
v 6.15 		2.516 		2.077
v -4.217 		2.705 		0.309
v 3.479 		-0.965 		-1.459
v 6.933 		2.306 		2.619
v 40.93 		4.988 		3.37
v -4.4 		2.656 		1.266
v 40.93 		3.098 		3.37
v 5.613 		12.66 		0.309
v 7.857 		2.058 		2.809
v 1.956 		-1.014 		-0.648
v 4.841 		11.323 		2.619
v 38.341 		7.201 		14.315
v 3.208 		-0.495 		-0.648
v 5.247 		12.026 		2.077
v -32.057 		8.172 		-26.164
v -4.924 		2.516 		2.077
v -31.663 		8.238 		-24.827
v 4.149 		0.464 		0.309
v 40.035 		5.437 		12.963
v -39.539 		5.181 		4.803
v 40.133 		6.65 		12.669
v -4.351 		1.133 		2.077
v 39.061 		6.65 		12.314
v 5.518 		12.495 		1.266
v 4.283 		0.329 		1.266
v -31.171 		8.172 		-25.465
v -30.731 		7.972 		-26.012
v -30.349 		7.64 		-26.473
v 38.965 		5.437 		12.601
v 4.666 		-0.054 		2.077
v -5.707 		2.306 		2.619
v 7.684 		11.071 		0.309
v -39.371 		6.712 		5.965
v 4.363 		10.495 		2.809
v -32.563 		8.238 		-25.509
v 5.24 		-0.627 		2.619
v 6.28 		0.728 		2.619
v -6.631 		2.058 		2.809
v -40.487 		6.712 		6.142
v 7.166 		10.553 		2.077
v -7.556 		1.811 		2.619
v 7.55 		10.936 		1.266
v 40.755 		9.311 		10.609
v 7.108 		0.249 		2.809
v 39.928 		9.82 		9.302
v 39.666 		9.311 		10.311
v -2.923 		0.464 		0.309
v 40.907 		-1.444 		3.611
v -1.887 		-0.331 		0.309
v 5.518 		12.495 		-0.648
v 7.937 		-0.229 		2.619
v 17.847 		-2.031 		36.253
v 17.847 		-0.076 		36.253
v 18.328 		-0.076 		37.275
v 18.328 		-2.031 		37.275
v 5.247 		12.026 		-1.459
v -39.828 		9.344 		1.516
v 12.099 		-0.076 		39.616
v 12.099 		10.047 		39.616
v 9.58 		10.047 		40.255
v -39.795 		9.73 		2.111
v 9.337 		10.047 		39.152
v 11.788 		10.047 		38.531
v 11.788 		-0.076 		38.531
v 4.841 		11.323 		-2.001
v -0.681 		-0.83 		0.309
v -3.057 		0.329 		1.266
v -39.681 		10.172 		3.55
v -30.027 		7.175 		-26.85
v 9.58 		-2.031 		40.255
v 9.337 		-2.031 		39.152
v -3.44 		-0.054 		2.077
v 5.916 		-1.304 		2.809
v 4.803 		5.813 		41.021
v 4.479 		6.498 		41.052
v 7.55 		10.936 		-0.648
v 39.423 		8.598 		11.161
v 5.012 		9.181 		40.999
v -39.748 		10.006 		2.789
v 39.216 		7.704 		11.835
v 6.593 		-1.98 		2.619
v 7.166 		10.553 		-1.459
v -40.923 		9.73 		2.18
v -40.956 		9.344 		1.569
v 4.996 		5.013 		41.001
v 4.363 		10.495 		-2.191
v -1.982 		-0.495 		1.266
v 40.293 		7.704 		12.176
v 0.613 		-1.001 		0.309
v -0.73 		-1.014 		1.266
v 1.907 		-0.83 		0.309
v 3.885 		-1.667 		-2.001
v -2.253 		-0.965 		2.077
v -28.753 		8.633 		-28.257
v 40.505 		8.598 		11.483
v 2.554 		11.244 		2.809
v 3.113 		-0.331 		0.309
v -40.805 		10.172 		3.66
v -40.874 		10.006 		2.877
v 0.613 		11.499 		2.809
v -4.014 		-0.627 		2.619
v 1.956 		-1.014 		1.266
v 0.613 		12.456 		2.619
v 2.802 		12.168 		2.619
v 3.208 		-0.495 		1.266
v 3.892 		9.662 		41.103
v 1.061 		8.093 		41.229
v 4.026 		7.068 		41.092
v 3.012 		12.951 		2.077
v -30.882 		7.175 		-27.588
v 3.452 		7.516 		41.135
v -31.212 		7.64 		-27.2
v -31.605 		7.972 		-26.727
v 3.479 		-0.965 		2.077
v 0.613 		-1.733 		-1.459
v 2.097 		-1.537 		-1.459
v -0.871 		-1.537 		2.077
v 0.613 		-1.191 		1.266
v 1.969 		8.028 		41.21
v 0.613 		-1.191 		-0.648
v 2.767 		7.836 		41.176
v 0.613 		-1.733 		2.077
v 2.097 		-1.537 		2.077
v -2.659 		-1.667 		2.619
v 2.307 		10.32 		2.619
v 40.831 		5.818 		10.33
v 0.613 		10.543 		2.619
v 2.592 		9.951 		41.185
v 1.113 		10.047 		41.229
v 29.951 		10.047 		-28.292
v 3.885 		-1.667 		2.619
v -29.477 		5.026 		-27.473
v -8.047 		-1.001 		0.309
v -29.588 		5.866 		-27.35
v -0.781 		8.093 		41.208
v -3.374 		10.047 		41.04
v -5.054 		0.728 		2.619
v 4.893 		9.181 		39.876
v -39.668 		8.204 		3.682
v 3.012 		12.951 		-1.459
v -0.743 		8.093 		40.08
v -29.772 		6.582 		-27.142
v -39.717 		7.895 		3.154
v -5.882 		0.249 		2.809
v -39.747 		7.398 		2.794
v 40.906 		6.532 		10.043
v 0.613 		12.456 		-2.001
v -3.266 		10.047 		39.916
v 6.533 		7.656 		39.668
v -6.859 		9.524 		39.407
v -7.48 		9.832 		39.285
v 2.802 		12.168 		-2.001
v -30.62 		6.582 		-27.888
v -30.431 		5.866 		-28.102
v -6.711 		-0.229 		2.619
v 5.809 		8.508 		39.768
v 40.167 		7.963 		8.278
v 40.032 		7.619 		8.87
v 0.613 		11.499 		-2.191
v -5.426 		7.201 		39.649
v -30.316 		5.026 		-28.229
v -6.354 		9.115 		39.498
v -5.637 		7.954 		39.617
v -5.946 		8.592 		39.567
v 2.554 		11.244 		-2.191
v -7.413 		-0.634 		2.077
v 39.739 		5.818 		10.039
v 39.813 		6.532 		9.76
v -6.548 		9.115 		40.611
v -7.067 		9.524 		40.516
v 39.912 		7.137 		9.367
v -5.595 		7.201 		40.766
v -5.811 		7.954 		40.733
v -40.791 		8.204 		3.795
v -8.074 		6.867 		40.315
v 31.997 		5.825 		-27.722
v -40.842 		7.895 		3.253
v 31.77 		7.535 		-27.98
v 32.698 		10.047 		-26.896
v 2.307 		10.32 		-2.001
v 30.925 		7.535 		-27.232
v -6.129 		8.592 		40.682
v 31.828 		10.047 		-26.177
v 31.146 		5.825 		-26.98
v 0.613 		10.543 		-2.001
v 6.698 		7.656 		40.785
v 5.953 		8.508 		40.888
v -40.873 		7.398 		2.883
v -28.746 		6.693 		-29.881
v -28.535 		5.465 		-30.088
v -27.744 		5.465 		-29.282
v -7.882 		-0.905 		1.266
v -1.926 		13.475 		-0.648
v -1.975 		13.659 		0.309
v -27.949 		6.693 		-29.08
v -29.572 		8.633 		-29.034
v -7.706 		9.832 		40.391
v -29.093 		7.749 		-29.531
v 7.049 		6.636 		39.588
v -1.926 		13.475 		1.266
v 7.229 		6.636 		40.703
v 41.014 		0.931 		9.618
v 41.275 		0.072 		8.497
v -28.287 		7.749 		-28.74
v 7.358 		5.45 		39.537
v -40.768 		5.075 		4.02
v -40.846 		5.075 		3.213
v 27.59 		10.047 		-32.079
v 41.138 		0.43 		9.101
v 30.769 		10.047 		-29.071
v -39.76 		6.73 		2.628
v -8.117 		7.55 		39.149
v -7.838 		6.867 		39.21
v 26.858 		10.047 		-31.219
v -1.328 		11.244 		2.809
v 7.547 		5.45 		40.651
v -40.886 		6.73 		2.713
v 41.025 		-1.783 		9.572
v 41.301 		-2.098 		8.378
v -3.615 		11.323 		2.619
v -1.576 		12.168 		2.619
v -3.374 		-2.031 		41.04
v -0.781 		-0.076 		41.208
v -39.721 		5.075 		3.116
v -4.021 		12.026 		2.077
v 31.423 		4.955 		-28.367
v 39.32 		3.32 		14.913
v 30.587 		4.955 		-27.608
v -1.786 		12.951 		2.077
v -0.743 		-0.076 		40.08
v 39.172 		3.777 		15.281
v 38.97 		4.167 		15.771
v 4.878 		5.013 		39.878
v 4.689 		5.813 		39.897
v -29.782 		1.494 		-27.131
v -39.645 		5.075 		3.9
v 4.374 		6.498 		39.928
v -29.478 		3.084 		-27.472
v -3.266 		-2.031 		39.916
v 32.313 		-2.031 		-25.577
v -39.848 		8.86 		1.021
v -29.44 		4.064 		-27.515
v -6.002 		3.777 		39.558
v -39.859 		8.292 		0.64
v -29.592 		2.227 		-27.345
v -5.621 		3.32 		39.619
v -1.081 		10.32 		2.619
v -4.69 		-1.304 		2.809
v -39.865 		7.639 		0.374
v -39.868 		6.901 		0.223
v -5.367 		-1.98 		2.619
v -30.278 		4.064 		-28.271
v -3.137 		10.495 		2.809
v 37.663 		4.505 		15.949
v -30.318 		3.084 		-28.228
v -5.795 		3.32 		40.735
v 38.269 		3.32 		14.498
v -30.629 		1.494 		-27.877
v -30.435 		2.227 		-28.097
v -40.977 		8.86 		1.06
v -4.021 		12.026 		-1.459
v -7.387 		4.505 		40.455
v -9.046 		1.411 		0.309
v 2.708 		7.836 		40.048
v 1.933 		8.028 		40.081
v -40.988 		8.292 		0.669
v 3.375 		7.516 		40.008
v -6.709 		4.167 		40.582
v -1.786 		12.951 		-1.459
v -40.994 		7.639 		0.395
v 38.126 		3.777 		14.856
v 3.933 		7.068 		39.966
v -3.615 		11.323 		-2.001
v 28.713 		3.327 		-31.088
v -6.187 		3.777 		40.672
v -1.576 		12.168 		-2.001
v 28.879 		3.618 		-29.378
v 29.056 		1.355 		-30.771
v -40.997 		6.901 		0.24
v 37.929 		4.167 		15.332
v -1.328 		11.244 		-2.191
v 29.667 		3.618 		-30.187
v 29.462 		-2.031 		-28.797
v -40.114 		3.237 		8.165
v 1.048 		8.093 		40.1
v -31.699 		-0.214 		-24.779
v 3.803 		9.662 		39.977
v 2.539 		9.951 		40.057
v 1.1 		10.047 		40.1
v -39.009 		3.237 		7.933
v -31.204 		-0.145 		-25.422
v -39.092 		3.575 		7.527
v -3.137 		10.495 		-2.191
v -32.601 		-0.214 		-25.46
v -32.092 		-0.145 		-26.12
v 29.216 		0.361 		-30.62
v -8.147 		4.832 		39.143
v 30.267 		-2.031 		-29.59
v -1.081 		10.32 		-2.001
v -7.17 		4.505 		39.347
v 39.49 		2.16 		14.476
v -6.458 		11.071 		0.309
v 28.023 		-2.031 		-31.705
v -4.387 		12.66 		0.309
v -6.51 		4.167 		39.47
v -40.199 		3.575 		7.747
v 27.95 		3.327 		-30.255
v -30.373 		0.404 		-26.444
v -40.296 		3.84 		7.248
v -5.94 		10.553 		2.077
v 39.511 		1.449 		14.42
v -30.761 		0.061 		-25.975
v -6.324 		10.936 		1.266
v 27.28 		-2.031 		-30.855
v 39.426 		2.782 		14.642
v -5.17 		2.16 		39.687
v -5.113 		1.449 		39.695
v -5.342 		2.782 		39.662
v 28.284 		1.355 		-29.946
v -4.292 		12.495 		1.266
v 28.44 		0.361 		-29.799
v -40.319 		4.546 		7.123
v 5.061 		4.098 		40.994
v -9.387 		3.999 		0.309
v 4.509 		1.658 		41.049
v -8.339 		1.601 		2.077
v -6.324 		10.936 		-0.648
v 4.816 		2.371 		41.019
v -4.292 		12.495 		-0.648
v -39.208 		4.546 		6.919
v -31.731 		-2.099 		-26.573
v -8.655 		3.999 		2.077
v -30.853 		-2.099 		-25.862
v -31.699 		-2.202 		-24.779
v -39.185 		3.84 		7.041
v -5.94 		10.553 		-1.459
v -5.272 		1.449 		40.813
v -8.862 		1.461 		1.266
v 37.511 		1.304 		16.29
v 25.531 		10.047 		-33.722
v 24.855 		10.047 		-32.817
v -5.331 		2.16 		40.805
v 37.48 		1.773 		16.359
v 25.155 		-2.031 		-33.999
v -5.508 		2.782 		40.779
v 36.272 		10.009 		21.078
v 21.36 		10.047 		-36.466
v 4.794 		-1.294 		41.022
v 20.797 		10.047 		-35.487
v 35.304 		10.009 		20.495
v 34.872 		9.737 		21.198
v -32.601 		-2.202 		-25.46
v 35.827 		9.737 		21.8
v 34.502 		9.357 		21.774
v 5 		3.184 		41
v 35.447 		9.357 		22.392
v -8.069 		2.152 		40.315
v -7.84 		1.773 		40.364
v -30.044 		0.884 		-26.83
v -7.763 		1.304 		40.38
v -9.197 		3.999 		1.266
v -30.078 		-1.79 		-26.79
v 19.003 		6.43 		-36.459
v 19.49 		8.187 		-36.206
v 19.536 		7.998 		-36.182
v 19.717 		7.295 		-36.085
v 38.373 		2.782 		14.235
v 38.435 		2.16 		14.073
v 1.642 		-2.031 		41.219
v 1.422 		-0.076 		41.224
v 35.141 		8.874 		22.853
v 4.079 		1.046 		41.088
v 3.544 		0.555 		41.129
v 33.988 		8.295 		22.54
v 34.919 		8.295 		23.18
v 19.331 		7.595 		-36.29
v -28.791 		-0.552 		-28.216
v -29.388 		-1.274 		-27.572
v 38.455 		1.449 		14.019
v -8.192 		2.459 		39.133
v 2.923 		0.204 		41.168
v -7.536 		1.304 		39.273
v -7.61 		1.773 		39.258
v -7.834 		2.152 		39.211
v 40.001 		4.064 		13.061
v -40.464 		2.178 		6.281
v 38.933 		4.064 		12.696
v -40.44 		1.466 		6.429
v 34.837 		5.71 		23.299
v 2.215 		-0.006 		41.201
v -39.326 		1.466 		6.244
v -30.225 		-1.274 		-28.331
v 39.061 		1.459 		12.313
v 33.857 		7.62 		22.73
v 33.813 		6.85 		22.793
v 38.965 		2.684 		12.601
v 34.739 		6.85 		23.44
v 40.035 		2.684 		12.963
v 40.134 		1.459 		12.668
v 3.32 		-1.847 		41.144
v 34.784 		7.62 		23.375
v 19.516 		6.43 		-37.465
v 18.648 		10.047 		-37.895
v 19.853 		7.595 		-37.291
v 20.017 		8.187 		-37.205
v 4.082 		-1.616 		41.087
v 20.25 		7.295 		-37.081
v 20.064 		7.998 		-37.181
v 18.158 		10.047 		-36.877
v -5.194 		0.614 		39.683
v 33.909 		5.71 		22.656
v 39.389 		-0.116 		14.736
v -5.438 		-0.116 		39.647
v 39.234 		-0.742 		15.129
v 39.009 		-1.264 		15.676
v -5.844 		-0.742 		39.584
v 39.481 		0.614 		14.499
v 7.461 		4.098 		39.52
v -40.508 		4.149 		6.003
v -40.508 		4.184 		6.003
v -30.934 		-1.79 		-27.527
v 36.427 		8.075 		20.818
v -5.356 		0.614 		40.801
v -5.607 		-0.116 		40.764
v -31.636 		0.061 		-26.689
v 36.2 		7.625 		21.198
v 35.234 		7.625 		20.612
v -40.639 		3.022 		5.1
v -31.237 		0.404 		-27.171
v -6.024 		-0.742 		40.699
v 38.711 		-1.674 		16.37
v 21.573 		2.958 		-36.342
v 22.074 		1.055 		-36.046
v 37.678 		-1.674 		15.916
v 7.652 		4.098 		40.633
v -30.899 		0.884 		-27.568
v 38.186 		-0.742 		14.708
v -8.183 		0.095 		39.135
v 21.005 		2.958 		-35.366
v 34.204 		8.874 		22.222
v 21.491 		1.055 		-35.078
v -7.698 		0.599 		39.24
v 37.967 		-1.264 		15.24
v -7.134 		-1.674 		39.354
v -35.382 		6.636 		20.5
v -8.004 		-1.968 		39.174
v -35.219 		5.45 		20.778
v -28.756 		1.427 		-29.87
v 4.94 		4.098 		39.871
v 4.881 		3.184 		39.877
v -39.393 		4.184 		5.83
v -29.116 		0.355 		-29.508
v -28.465 		4.064 		-30.157
v -28.538 		2.663 		-30.086
v -6.412 		-1.264 		39.488
v -27.676 		4.064 		-29.35
v -27.747 		2.663 		-29.28
v -28.309 		0.355 		-28.718
v -35.446 		9.181 		18.023
v -35.93 		9.662 		17.041
v -39.519 		3.022 		4.952
v 36.123 		6.995 		21.324
v 35.191 		6.567 		20.682
v -36.451 		9.181 		18.536
v 35.286 		6.224 		20.526
v -27.959 		1.427 		-29.07
v 35.159 		6.995 		20.734
v -6.608 		-1.264 		40.6
v -7.35 		-1.674 		40.462
v 7.055 		1.563 		39.587
v 7.281 		2.348 		39.55
v 36.413 		5.946 		20.841
v 36.253 		6.224 		21.109
v 38.337 		-0.116 		14.326
v 38.426 		0.614 		14.095
v 22.402 		-2.031 		-34.514
v 36.156 		6.567 		21.27
v -35.648 		7.656 		20.034
v -34.664 		7.656 		19.479
v -36.011 		8.508 		19.375
v 24.49 		-2.031 		-33.087
v -35.017 		8.508 		18.839
v -29.611 		-0.552 		-28.993
v 7.467 		2.348 		40.664
v -7.93 		0.599 		40.345
v 40.784 		4.995 		10.502
v 7.234 		1.563 		40.702
v 39.679 		4.064 		10.263
v -34.572 		6.867 		-20.415
v 40.785 		3.122 		10.501
v 23.01 		-2.031 		-35.465
v -33.692 		10.014 		-23.944
v 17.89 		1.055 		-38.25
v -11.534 		10.173 		39.419
v -34.16 		9.747 		-23.248
v 18.417 		2.958 		-38.005
v -10.444 		10.227 		39.735
v 17.934 		2.958 		-36.984
v -34.56 		9.374 		-22.627
v 40.769 		4.064 		10.56
v 17.421 		1.055 		-37.222
v 16.44 		-2.031 		-37.654
v -11.205 		10.173 		38.339
v -10.144 		10.227 		38.647
v 4.403 		1.658 		39.925
v 4.702 		2.371 		39.896
v -8.237 		10.051 		39.123
v -34.405 		6.636 		19.933
v -12.124 		10.009 		38.046
v -33.606 		9.374 		-22.024
v -33.217 		9.747 		-22.627
v -34.247 		5.45 		20.203
v 38.231 		10.051 		17.424
v 37.322 		10.227 		19.228
v 16.882 		-2.031 		-38.694
v 38.564 		9.832 		16.702
v -39.393 		4.149 		5.83
v 6.738 		0.836 		39.637
v 6.338 		0.181 		39.696
v 37.21 		10.051 		16.94
v 40.832 		2.286 		10.325
v 6.498 		0.181 		40.814
v -35.553 		6.867 		-20.973
v -35.389 		7.644 		-21.258
v 6.909 		0.836 		40.753
v -35.171 		8.321 		-21.63
v -34.896 		8.897 		-22.087
v -8.484 		10.051 		40.225
v 5.309 		-0.884 		39.83
v -34.2 		8.321 		-21.054
v -36.459 		5.013 		18.522
v 4.68 		-1.294 		39.898
v -33.932 		8.897 		-21.498
v 37.592 		5.187 		18.714
v 10.115 		8.084 		-39.744
v 12.553 		10.047 		-39.075
v 5.862 		-0.393 		39.761
v 37.297 		8.435 		19.275
v -34.412 		7.644 		-20.692
v 40.909 		1.556 		10.031
v -40.534 		2.701 		5.838
v 39.694 		4.995 		10.207
v -35.453 		5.013 		18.009
v -39.35 		2.178 		6.101
v 6.008 		-0.393 		40.881
v -35.538 		5.813 		17.84
v 5.44 		-0.884 		40.951
v -39.417 		2.701 		5.669
v 39.917 		0.931 		9.346
v 10.38 		8.084 		-40.842
v -36.113 		7.516 		16.653
v 39.741 		2.286 		10.034
v 39.816 		1.556 		9.748
v 12.886 		10.047 		-40.154
v -35.68 		6.498 		17.557
v 38.071 		8.041 		17.756
v 38.284 		7.55 		17.31
v 14.108 		-2.031 		-38.561
v 37.75 		8.337 		18.405
v 14.484 		-2.031 		-39.625
v -35.874 		7.068 		17.159
v -33.416 		6.258 		-22.32
v -40.46 		0.697 		6.308
v 38.408 		6.867 		17.043
v 12.553 		-2.031 		-39.075
v 3.464 		0.555 		40.002
v 2.86 		0.204 		40.04
v 3.985 		1.046 		39.962
v -38.983 		-0.791 		8.054
v 12.886 		-2.031 		-40.154
v 37.055 		8.041 		17.264
v 10.115 		4.518 		-39.744
v 39.695 		3.122 		10.206
v -33.188 		7.074 		-22.671
v -32.802 		7.702 		-23.245
v 10.115 		2.555 		-39.744
v -36.547 		5.813 		18.348
v 10.115 		-2.031 		-39.744
v 10.38 		4.518 		-40.842
v 10.38 		2.555 		-40.842
v 2.172 		-0.006 		40.073
v 10.38 		-2.031 		-40.842
v -34.366 		6.258 		-22.932
v -34.131 		7.074 		-23.293
v -33.735 		7.702 		-23.882
v -10.495 		8.435 		39.721
v 1.4 		-0.076 		40.095
v -8.361 		7.55 		40.252
v -36.692 		6.498 		18.057
v 37.383 		6.867 		16.57
v -8.843 		8.041 		40.143
v 39.424 		-0.526 		11.157
v 39.667 		-1.26 		10.307
v -9.546 		8.337 		39.972
v 39.217 		0.389 		11.833
v -8.587 		8.041 		39.043
v -36.949 		9.662 		17.527
v -40.309 		-1.707 		7.177
v -37.137 		7.516 		17.128
v 37.262 		7.55 		16.83
v 3.988 		-1.616 		39.962
v -36.891 		7.068 		17.649
v -40.439 		-1.997 		6.434
v 3.246 		-1.847 		40.017
v -37.421 		7.836 		16.503
v -11.487 		8.345 		39.433
v -12.191 		8.075 		39.212
v -39.082 		-1.302 		7.576
v 40.756 		-1.26 		10.605
v -40.189 		-1.302 		7.799
v 1.614 		-2.031 		40.09
v 40.507 		-0.526 		11.479
v -34.648 		1.252 		-20.28
v -39.198 		-1.707 		6.971
v -39.325 		-1.997 		6.249
v 40.293 		0.389 		12.174
v -35.631 		1.252 		-20.835
v 36.326 		10.227 		18.696
v -35.26 		2.348 		20.708
v -35.164 		4.098 		20.87
v 35.792 		10.173 		19.663
v -33.514 		2.084 		-22.169
v -34.466 		2.084 		-22.776
v -35.379 		1.563 		20.505
v -34.193 		4.098 		20.293
v -34.168 		1.079 		-23.236
v 36.773 		10.173 		20.222
v 40.172 		0.072 		8.256
v 40.038 		0.43 		8.844
v -12.217 		5.946 		39.204
v -40.518 		0.155 		5.942
v -11.805 		5.714 		39.335
v 35.455 		8.075 		20.242
v -40.604 		-0.166 		5.356
v 9.273 		8.999 		0.309
v 35.816 		8.345 		19.621
v 10.272 		6.588 		0.309
v -40.574 		-2.17 		5.568
v 5.667 		9.989 		-40.558
v -33.224 		1.079 		-22.616
v 6.676 		10.047 		-40.418
v -40.705 		-0.274 		4.572
v 36.301 		8.435 		18.742
v 4.778 		9.814 		-40.66
v -40.704 		-2.228 		4.58
v 8.782 		6.188 		2.619
v -39.485 		-0.166 		5.2
v -9.883 		5.187 		39.886
v 39.929 		-1.783 		9.301
v 8.639 		8.633 		2.077
v -39.345 		0.697 		6.126
v -39.402 		0.155 		5.77
v 9.565 		6.398 		2.077
v -35.429 		0.434 		-21.19
v -34.451 		0.434 		-20.625
v -36.429 		4.098 		18.58
v 36.798 		8.345 		20.179
v -34.881 		-0.867 		-22.112
v -35.18 		-0.273 		-21.616
v 9.108 		8.904 		1.266
v -33.576 		-1.349 		-22.071
v -11.844 		8.075 		38.138
v -12.253 		7.625 		38.003
v -34.208 		-0.273 		-21.04
v -33.918 		-0.867 		-21.522
v 10.088 		6.538 		1.266
v 36.632 		5.714 		20.468
v 35.442 		5.946 		20.265
v 35.655 		5.714 		19.902
v -36.457 		3.184 		18.525
v 41.957 		9.815 		4.403
v -11.159 		8.345 		38.353
v 41.797 		10.124 		5.626
v -39.456 		-2.17 		5.407
v 41.573 		10.227 		7.003
v -39.584 		-0.274 		4.437
v 5.916 		9.303 		2.809
v -9.271 		8.337 		38.877
v -10.194 		8.435 		38.633
v -39.583 		-2.228 		4.446
v 41.962 		7.128 		4.362
v -34.286 		2.348 		20.136
v 6.593 		9.979 		2.619
v -33.763 		0.361 		-23.841
v -34.402 		1.563 		19.938
v 41.899 		7.614 		4.882
v -33.673 		-1.989 		-23.972
v -32.83 		0.361 		-23.204
v 41.816 		7.961 		5.496
v 36.743 		8.337 		17.895
v -40.846 		3.129 		3.213
v -40.898 		1.466 		2.546
v 36.589 		5.187 		18.195
v 41.709 		8.169 		6.203
v -39.772 		1.466 		2.466
v 41.573 		8.238 		7.003
v 41.419 		8.169 		7.811
v 0.613 		9.19 		1.266
v 2.097 		9.536 		2.077
v 35.108 		4.844 		22.902
v 3.885 		9.666 		2.619
v 34.403 		1.115 		23.914
v 33.486 		1.115 		23.255
v -39.721 		3.129 		3.116
v -40.762 		3.129 		4.073
v -35.851 		1.046 		17.205
v -34.126 		-1.723 		-23.299
v -39.639 		3.129 		3.952
v 4.729 		6.344 		-40.665
v 4.865 		5.575 		-40.651
v 35.088 		3.759 		20.851
v 42.067 		9.301 		3.336
v 34.574 		4.214 		21.663
v -35.533 		2.371 		17.851
v -35.451 		3.184 		18.012
v -33.184 		-1.723 		-22.677
v 0.613 		9.732 		2.077
v -35.667 		1.658 		17.583
v 4.867 		7.105 		-40.651
v 42.007 		6.52 		3.949
v 42.037 		5.807 		3.653
v 35.522 		4.214 		22.278
v -35.424 		4.098 		18.065
v -34.529 		-1.349 		-22.676
v -39.871 		1.252 		0.017
v 4.149 		7.535 		0.309
v 36.049 		3.759 		21.444
v 5.974 		7.975 		-40.518
v -40.849 		0.161 		3.171
v -40.883 		0.705 		2.761
v 4.283 		7.67 		1.266
v -40.793 		-0.165 		3.775
v -39.67 		-0.165 		3.662
v -33.151 		10.174 		-24.714
v -36.679 		1.658 		18.084
v 41.012 		8.581 		2.351
v -39.757 		0.705 		2.676
v -11.869 		5.946 		38.129
v -11.468 		5.714 		38.257
v -39.724 		0.161 		3.075
v -12.157 		6.224 		38.035
v -33.203 		8.104 		-24.641
v -33.244 		-0.07 		-24.584
v -36.541 		2.371 		18.36
v 42.139 		8.581 		2.428
v -9.598 		5.187 		38.793
v 34.172 		4.844 		22.27
v -33.165 		-2.149 		-24.694
v -35.985 		-0.393 		19.424
v -35.747 		0.181 		19.857
v 41.086 		5.423 		0.838
v -36.254 		-0.884 		18.919
v -2.556 		5.058 		-41.883
v -2.556 		8.093 		-41.883
v -2.47 		5.058 		-40.757
v 6.939 		8.084 		-40.378
v -2.47 		8.093 		-40.757
v -34.76 		0.181 		19.307
v -34.992 		-0.393 		18.886
v -13.548 		9.357 		37.544
v 41.076 		6.629 		1.141
v 41.053 		7.682 		1.646
v -12.904 		9.737 		37.779
v 42.181 		7.682 		1.702
v -34.562 		0.836 		19.66
v -13.943 		9.357 		38.602
v -13.281 		9.737 		38.843
v -12.479 		10.009 		39.118
v -2.556 		-0.076 		-41.883
v -2.556 		3.104 		-41.883
v -2.47 		-0.076 		-40.757
v 42.204 		6.629 		1.184
v 35.807 		1.518 		21.832
v -2.47 		3.104 		-40.757
v 34.852 		1.518 		21.23
v -40.93 		-1.724 		2.052
v -35.543 		0.836 		20.219
v 42.215 		5.423 		0.873
v -40.88 		-2.004 		2.794
v -40.807 		-2.172 		3.637
v -9.095 		3.104 		-40.855
v -9.095 		5.058 		-40.855
v -9.966 		-2.031 		-40.636
v -9.966 		-0.076 		-40.636
v -39.754 		-2.004 		2.708
v 5.283 		7.649 		-40.605
v -9.679 		-0.076 		-39.544
v -9.679 		-2.031 		-39.544
v -39.683 		-2.172 		3.528
v -8.831 		5.058 		-39.757
v -8.831 		3.104 		-39.757
v -12.612 		7.625 		39.074
v -36.075 		0.555 		16.734
v -12.752 		6.995 		39.027
v -12.514 		6.224 		39.106
v -36.167 		-1.847 		16.536
v -35.85 		-1.616 		17.209
v -9.339 		8.093 		-39.632
v 4.009 		9.524 		-40.732
v -9.616 		8.093 		-40.726
v 3.362 		9.117 		-40.781
v -9.616 		10.047 		-40.726
v -9.339 		10.047 		-39.632
v -12.692 		6.567 		39.047
v -35.253 		-0.884 		18.395
v 0.056 		10.047 		-40.871
v 2.85 		8.601 		-40.813
v 2.19 		6.447 		-40.844
v 2.263 		7.266 		-40.841
v -35.542 		-1.294 		17.832
v -39.869 		0.457 		0.175
v -39.803 		-1.724 		1.985
v 2.483 		7.984 		-40.831
v -14.051 		8.874 		37.353
v -14.46 		8.874 		38.405
v 2.37 		5.265 		-40.837
v -14.827 		8.295 		38.26
v -14.408 		8.295 		37.212
v -39.835 		-1.332 		1.362
v -36.551 		-1.294 		18.34
v -39.854 		-0.835 		0.848
v -14.622 		7.62 		37.126
v -39.864 		-0.238 		0.452
v -36.868 		1.046 		17.696
v -37.098 		0.555 		17.212
v -40.963 		-1.332 		1.411
v -37.357 		0.204 		16.646
v -40.982 		-0.835 		0.882
v -40.993 		-0.238 		0.475
v -40.998 		0.457 		0.191
v 4.894 		9.814 		-41.783
v 5.808 		9.989 		-41.679
v 6.845 		10.047 		-41.535
v -36.867 		-1.616 		17.699
v -15.047 		7.62 		38.172
v 4.104 		9.524 		-41.857
v -41 		1.252 		0.028
v 4.986 		7.105 		-41.774
v 5.413 		7.649 		-41.726
v -37.193 		-1.847 		17.008
v 6.123 		7.975 		-41.638
v 42.094 		8.093 		-3.791
v 7.115 		8.084 		-41.493
v 42.226 		10.047 		-1.196
v 4.844 		6.344 		-41.789
v -36.457 		9.951 		15.889
v 4.984 		5.575 		-41.774
v 40.969 		8.093 		-3.699
v -36.389 		7.836 		16.045
v 41.097 		10.047 		-1.174
v -36.697 		8.028 		15.332
v -12.331 		6.567 		37.977
v -37.012 		10.047 		14.561
v -12.389 		6.995 		37.957
v 42.094 		4.355 		-3.791
v 40.969 		4.355 		-3.699
v 42.094 		2.401 		-3.791
v -37.031 		8.093 		14.513
v 42.226 		-2.031 		-1.196
v 42.094 		-2.031 		-3.791
v 40.969 		2.401 		-3.699
v 40.969 		-2.031 		-3.699
v 41.097 		-2.031 		-1.174
v 0.04 		10.047 		-42
v 3.439 		9.117 		-41.908
v 40.833 		10.047 		-11.092
v -37.654 		8.093 		12.833
v 39.95 		10.047 		-9.988
v 39.742 		10.047 		-10.802
v 41.047 		10.047 		-10.255
v 2.535 		7.984 		-41.96
v 39.617 		8.093 		-14.911
v 2.309 		7.266 		-41.969
v 40.833 		8.093 		-11.092
v 39.95 		8.093 		-9.988
v 2.418 		5.265 		-41.965
v 2.234 		6.447 		-41.972
v 38.559 		8.093 		-14.516
v 2.912 		8.601 		-41.94
v 39.742 		8.093 		-10.802
v 41.047 		8.093 		-10.255
v 39.996 		2.401 		-9.796
v 39.996 		4.355 		-9.796
v 38.559 		-2.031 		-14.516
v 39.617 		-2.031 		-14.911
v 41.094 		4.355 		-10.058
v 41.094 		2.401 		-10.058
v -37.738 		8.028 		15.771
v -38.082 		8.093 		14.929
v 5.274 		4.998 		-40.606
v -38.062 		10.047 		14.978
v -38.721 		8.093 		13.202
v 5.946 		4.638 		-40.522
v 6.871 		4.518 		-40.388
v -14.961 		5.71 		38.207
v 36.826 		10.047 		-20.902
v 38.634 		8.093 		-17.316
v 36.826 		8.093 		-20.902
v 35.843 		10.047 		-20.345
v 34.397 		10.047 		-22.706
v 35.741 		10.047 		-20.524
v 7.209 		2.555 		-40.334
v -14.693 		6.85 		37.097
v -15.12 		6.85 		38.142
v 37.603 		8.093 		-16.857
v 35.843 		8.093 		-20.345
v 4.43 		-2.031 		-40.694
v -14.538 		5.71 		37.159
v -37.491 		9.951 		16.343
v 4.848 		3.044 		-40.653
v -38.404 		10.047 		10.419
v -39.492 		10.047 		10.721
v 35.339 		10.047 		-23.328
v -8.437 		2.459 		40.235
v -40.077 		8.357 		8.341
v 36.721 		10.047 		-21.086
v -8.391 		4.832 		40.245
v -40.018 		7.012 		8.609
v -40.055 		5.982 		8.442
v -40.033 		7.726 		8.542
v 1.59 		-2.031 		-40.863
v -8.929 		2.709 		40.122
v 2.909 		4.257 		-40.81
v 33.402 		2.247 		-24.144
v -38.951 		5.982 		8.203
v -38.916 		7.012 		8.365
v 33.169 		0.361 		-24.462
v 34.091 		-2.031 		-23.162
v -38.93 		7.726 		8.3
v -11.038 		3.249 		39.567
v 37.603 		-2.031 		-16.857
v 3.3 		3.835 		-40.785
v -10.721 		3.249 		38.483
v 3.753 		3.493 		-40.753
v -8.67 		2.709 		39.023
v 0.056 		-2.031 		-40.871
v 35.025 		-2.031 		-23.797
v 4.966 		3.044 		-41.776
v 5.404 		4.998 		-41.727
v 4.537 		-2.031 		-41.819
v 6.095 		4.638 		-41.642
v 7.045 		4.518 		-41.504
v 7.393 		2.555 		-41.448
v 38.634 		-2.031 		-17.316
v 33.197 		-2.031 		-26.28
v 32.889 		2.637 		-24.836
v 34.077 		0.361 		-25.133
v 34.316 		2.247 		-24.806
v 0.04 		-2.031 		-42
v 2.973 		4.257 		-41.937
v 3.841 		3.493 		-41.879
v 3.375 		3.835 		-41.912
v -9.257 		-0.207 		40.044
v 1.617 		-2.031 		-41.992
v 33.789 		2.637 		-25.518
v -8.429 		0.095 		40.237
v 9.108 		8.904 		-0.648
v -8.245 		-1.968 		40.278
v -2.659 		9.666 		-2.001
v 10.088 		6.538 		-0.648
v -9.289 		-2.144 		40.036
v -9.02 		-2.144 		38.939
v -0.871 		9.536 		-1.459
v 8.639 		8.633 		-1.459
v 9.565 		6.398 		-1.459
v -8.989 		-0.207 		38.947
v -5.367 		9.979 		-2.001
v -4.69 		9.303 		-2.191
v 8.782 		6.188 		-2.001
v -4.014 		8.626 		-2.001
v -2.253 		8.964 		-1.459
v -0.73 		9.013 		-0.648
v -10.41 		-0.308 		39.745
v 6.593 		9.979 		-2.001
v -11.534 		-0.2 		39.419
v -10.478 		-2.202 		39.726
v -11.563 		-2.151 		39.41
v -10.111 		-0.308 		38.656
v -11.204 		-0.2 		38.339
v -12.023 		0.125 		38.079
v -10.177 		-2.202 		38.637
v -12.159 		-1.997 		38.034
v -11.232 		-2.151 		38.33
# 1434 vertices

g group_0_8273816

usemtl color_8273816
s 0

f 7 	8 	9
f 15 	11 	1124
f 16 	17 	19
f 9 	8 	227
f 9 	227 	246
f 9 	246 	18
f 4 	24 	1128
f 2 	81 	24
f 26 	16 	19
f 4 	2 	24
f 11 	15 	53
f 5 	3 	28
f 11 	53 	55
f 15 	20 	52
f 27 	28 	3
f 27 	3 	1
f 38 	39 	37
f 31 	138 	35
f 270 	35 	12
f 23 	11 	42
f 32 	1211 	1214
f 1265 	1211 	32
f 36 	1418 	40
f 61 	32 	6
f 1419 	46 	40
f 54 	43 	41
f 45 	119 	51
f 15 	52 	53
f 47 	252 	254
f 40 	1418 	1419
f 54 	56 	43
f 46 	1421 	57
f 42 	11 	55
f 46 	1419 	1421
f 33 	32 	61
f 51 	119 	124
f 22 	33 	61
f 56 	54 	59
f 56 	59 	67
f 48 	64 	63
f 26 	68 	16
f 50 	64 	48
f 6 	32 	25
f 59 	75 	67
f 40 	65 	105
f 71 	69 	70
f 105 	36 	40
f 63 	39 	38
f 65 	46 	72
f 64 	39 	63
f 70 	68 	71
f 40 	46 	65
f 16 	70 	69
f 17 	16 	69
f 1145 	53 	52
f 170 	89 	74
f 70 	16 	68
f 20 	44 	62
f 72 	46 	57
f 5 	86 	66
f 72 	57 	78
f 20 	62 	52
f 52 	1140 	1145
f 79 	39 	64
f 73 	137 	142
f 69 	71 	1291
f 1154 	1226 	27
f 77 	76 	184
f 7 	9 	83
f 78 	83 	84
f 57 	7 	83
f 66 	79 	64
f 73 	85 	161
f 83 	78 	57
f 24 	81 	1097
f 73 	74 	85
f 81 	187 	1097
f 83 	9 	18
f 1226 	86 	28
f 24 	1097 	30
f 18 	84 	83
f 28 	27 	1226
f 192 	71 	68
f 74 	157 	170
f 5 	28 	86
f 190 	19 	192
f 66 	86 	79
f 84 	18 	90
f 85 	74 	89
f 92 	44 	20
f 96 	142 	103
f 92 	80 	82
f 111 	73 	100
f 243 	98 	60
f 92 	82 	44
f 13 	112 	106
f 29 	36 	102
f 102 	36 	105
f 12 	108 	109
f 65 	330 	105
f 142 	96 	100
f 88 	1182 	106
f 73 	142 	100
f 93 	88 	106
f 45 	12 	109
f 73 	111 	74
f 108 	211 	109
f 118 	116 	117
f 112 	13 	4
f 101 	115 	14
f 120 	14 	115
f 119 	45 	109
f 211 	220 	109
f 14 	120 	537
f 109 	220 	119
f 65 	121 	330
f 93 	106 	128
f 119 	220 	231
f 120 	34 	537
f 93 	128 	104
f 119 	231 	124
f 122 	155 	157
f 121 	65 	72
f 34 	120 	126
f 74 	111 	127
f 128 	106 	112
f 72 	125 	121
f 74 	127 	123
f 72 	78 	125
f 97 	143 	91
f 74 	123 	122
f 125 	78 	130
f 116 	985 	167
f 157 	74 	122
f 113 	131 	114
f 151 	97 	99
f 34 	126 	247
f 532 	129 	132
f 169 	125 	130
f 111 	1433 	127
f 134 	91 	143
f 123 	137 	122
f 132 	138 	31
f 158 	135 	153
f 118 	146 	147
f 122 	137 	155
f 130 	78 	84
f 130 	84 	136
f 101 	87 	139
f 84 	90 	136
f 103 	142 	127
f 139 	87 	1420
f 142 	137 	127
f 117 	179 	183
f 137 	123 	127
f 108 	12 	35
f 136 	90 	145
f 108 	35 	138
f 150 	211 	108
f 146 	148 	165
f 143 	151 	152
f 146 	165 	162
f 135 	144 	153
f 143 	735 	141
f 101 	149 	115
f 155 	156 	157
f 77 	184 	154
f 107 	159 	158
f 582 	77 	154
f 159 	107 	114
f 131 	159 	114
f 21 	160 	129
f 152 	735 	143
f 116 	162 	117
f 139 	149 	101
f 156 	161 	157
f 21 	154 	160
f 143 	97 	151
f 107 	158 	153
f 73 	155 	137
f 184 	188 	154
f 328 	330 	121
f 73 	156 	155
f 154 	188 	160
f 99 	152 	151
f 160 	166 	129
f 149 	164 	115
f 73 	161 	156
f 121 	163 	328
f 165 	117 	162
f 129 	166 	132
f 116 	167 	162
f 115 	164 	168
f 163 	125 	169
f 160 	193 	166
f 160 	188 	193
f 85 	89 	161
f 120 	168 	126
f 170 	161 	89
f 141 	134 	143
f 171 	138 	132
f 170 	157 	161
f 167 	985 	94
f 166 	171 	132
f 141 	735 	172
f 128 	112 	1150
f 107 	400 	401
f 172 	173 	134
f 167 	146 	162
f 163 	121 	125
f 166 	201 	171
f 167 	147 	146
f 94 	276 	167
f 138 	171 	150
f 141 	172 	134
f 138 	150 	108
f 413 	135 	158
f 794 	165 	148
f 169 	130 	175
f 172 	182 	173
f 130 	136 	175
f 178 	180 	182
f 172 	178 	182
f 175 	136 	186
f 136 	145 	186
f 184 	329 	188
f 1343 	1363 	68
f 165 	179 	117
f 186 	202 	191
f 26 	19 	190
f 71 	192 	19
f 329 	337 	188
f 186 	145 	202
f 195 	198 	196
f 187 	189 	199
f 188 	337 	193
f 265 	199 	189
f 195 	200 	198
f 193 	201 	166
f 115 	168 	120
f 191 	202 	110
f 164 	325 	208
f 150 	171 	181
f 171 	201 	181
f 201 	324 	181
f 453 	110 	202
f 126 	209 	133
f 168 	208 	209
f 168 	164 	208
f 199 	203 	187
f 150 	181 	215
f 191 	217 	212
f 215 	211 	150
f 110 	217 	191
f 199 	219 	203
f 211 	225 	220
f 300 	194 	224
f 219 	222 	203
f 314 	764 	753
f 110 	230 	217
f 270 	219 	199
f 211 	215 	225
f 367 	370 	215
f 8 	226 	227
f 236 	218 	214
f 215 	370 	225
f 221 	218 	204
f 236 	233 	218
f 228 	229 	232
f 224 	194 	451
f 207 	221 	204
f 176 	222 	177
f 220 	225 	237
f 222 	219 	177
f 232 	235 	228
f 220 	237 	231
f 238 	198 	200
f 223 	217 	230
f 223 	230 	234
f 360 	232 	238
f 234 	498 	500
f 234 	230 	498
f 243 	124 	231
f 174 	241 	1168
f 358 	235 	232
f 124 	243 	60
f 206 	242 	300
f 216 	238 	232
f 231 	245 	243
f 214 	213 	236
f 241 	174 	244
f 12 	45 	240
f 237 	245 	231
f 227 	226 	241
f 239 	234 	500
f 232 	360 	358
f 227 	241 	244
f 168 	209 	126
f 246 	227 	244
f 41 	209 	208
f 174 	251 	244
f 1177 	133 	43
f 244 	251 	249
f 41 	43 	209
f 209 	43 	133
f 194 	456 	451
f 243 	95 	98
f 248 	277 	212
f 194 	197 	456
f 212 	217 	248
f 229 	216 	232
f 247 	126 	133
f 243 	245 	95
f 246 	244 	249
f 882 	183 	213
f 882 	213 	214
f 248 	217 	223
f 247 	133 	252
f 247 	252 	47
f 698 	185 	251
f 183 	882 	117
f 216 	198 	238
f 49 	47 	254
f 261 	259 	260
f 882 	214 	256
f 256 	214 	218
f 258 	250 	575
f 254 	58 	49
f 218 	221 	256
f 254 	252 	88
f 254 	88 	93
f 223 	234 	257
f 254 	93 	58
f 262 	885 	236
f 257 	234 	239
f 58 	93 	104
f 258 	326 	250
f 189 	502 	265
f 236 	213 	262
f 249 	251 	264
f 177 	266 	176
f 236 	885 	267
f 250 	326 	76
f 236 	267 	233
f 176 	266 	269
f 265 	270 	199
f 267 	882 	256
f 265 	35 	270
f 256 	221 	267
f 264 	251 	185
f 264 	185 	271
f 219 	240 	177
f 267 	885 	882
f 219 	270 	240
f 269 	281 	278
f 205 	271 	704
f 12 	240 	270
f 281 	269 	266
f 276 	1144 	147
f 90 	282 	327
f 246 	282 	18
f 274 	272 	1215
f 1411 	269 	278
f 246 	249 	282
f 90 	18 	282
f 163 	279 	275
f 283 	282 	249
f 41 	280 	287
f 286 	284 	278
f 283 	249 	264
f 279 	169 	285
f 54 	41 	287
f 272 	253 	273
f 387 	248 	288
f 281 	286 	278
f 279 	163 	169
f 277 	248 	387
f 147 	167 	276
f 245 	387 	288
f 223 	288 	248
f 245 	288 	95
f 285 	175 	290
f 223 	257 	288
f 169 	175 	285
f 186 	290 	175
f 316 	290 	212
f 264 	271 	332
f 255 	273 	253
f 1162 	276 	94
f 260 	259 	317
f 205 	291 	271
f 233 	267 	293
f 272 	263 	253
f 285 	290 	316
f 294 	177 	240
f 295 	233 	293
f 333 	258 	702
f 274 	263 	272
f 221 	293 	267
f 295 	293 	297
f 260 	195 	261
f 294 	266 	177
f 291 	205 	298
f 221 	297 	293
f 233 	295 	218
f 300 	299 	194
f 290 	186 	191
f 298 	205 	210
f 266 	294 	303
f 300 	224 	206
f 212 	290 	191
f 291 	298 	353
f 196 	261 	195
f 266 	303 	281
f 300 	321 	299
f 304 	37 	50
f 48 	304 	50
f 304 	308 	38
f 376 	286 	281
f 198 	490 	773
f 304 	38 	37
f 242 	307 	300
f 297 	301 	295
f 298 	210 	305
f 144 	135 	307
f 261 	196 	773
f 308 	295 	301
f 140 	307 	242
f 307 	140 	144
f 305 	761 	309
f 311 	139 	1420
f 196 	198 	773
f 210 	761 	305
f 1420 	284 	311
f 135 	499 	307
f 310 	292 	268
f 313 	149 	139
f 311 	313 	139
f 310 	268 	275
f 315 	310 	275
f 260 	317 	781
f 306 	279 	285
f 781 	195 	260
f 301 	38 	308
f 306 	285 	316
f 306 	372 	315
f 319 	164 	149
f 315 	279 	306
f 295 	308 	320
f 315 	275 	279
f 200 	195 	781
f 319 	149 	313
f 204 	295 	320
f 316 	212 	277
f 380 	306 	316
f 200 	781 	484
f 316 	277 	380
f 304 	48 	320
f 313 	343 	351
f 320 	308 	304
f 313 	351 	319
f 334 	204 	320
f 164 	319 	325
f 289 	314 	753
f 76 	326 	184
f 775 	102 	323
f 145 	90 	327
f 317 	259 	1380
f 268 	328 	275
f 198 	390 	490
f 295 	204 	218
f 328 	268 	322
f 280 	41 	208
f 322 	323 	330
f 105 	330 	323
f 208 	325 	280
f 283 	264 	332
f 407 	325 	365
f 318 	299 	321
f 326 	329 	184
f 322 	330 	328
f 207 	297 	221
f 258 	333 	326
f 283 	332 	331
f 407 	280 	325
f 318 	342 	299
f 284 	286 	335
f 204 	334 	207
f 323 	102 	105
f 326 	333 	329
f 320 	48 	63
f 328 	163 	275
f 499 	321 	300
f 284 	335 	311
f 63 	334 	320
f 334 	297 	207
f 327 	282 	283
f 327 	283 	331
f 334 	301 	297
f 332 	344 	331
f 301 	334 	38
f 63 	38 	334
f 291 	344 	332
f 329 	339 	337
f 274 	1215 	340
f 238 	200 	345
f 331 	410 	327
f 335 	394 	343
f 333 	339 	329
f 332 	271 	291
f 335 	343 	311
f 345 	346 	238
f 296 	339 	333
f 313 	311 	343
f 349 	201 	193
f 340 	338 	336
f 343 	350 	351
f 263 	274 	340
f 344 	291 	353
f 263 	340 	336
f 193 	337 	349
f 342 	338 	340
f 339 	404 	337
f 484 	345 	200
f 338 	342 	318
f 337 	404 	349
f 362 	353 	298
f 353 	362 	428
f 324 	201 	349
f 346 	360 	238
f 349 	396 	324
f 363 	359 	361
f 349 	404 	396
f 356 	347 	597
f 114 	359 	363
f 361 	366 	363
f 215 	181 	367
f 319 	365 	325
f 351 	350 	364
f 367 	181 	324
f 351 	364 	365
f 468 	384 	352
f 319 	351 	365
f 367 	324 	398
f 365 	364 	405
f 369 	59 	54
f 341 	355 	1148
f 362 	305 	368
f 355 	341 	347
f 298 	305 	362
f 355 	347 	354
f 114 	107 	359
f 54 	287 	369
f 347 	356 	354
f 372 	370 	367
f 113 	114 	363
f 393 	346 	345
f 388 	75 	59
f 371 	357 	375
f 372 	367 	398
f 287 	429 	452
f 305 	309 	368
f 398 	315 	372
f 281 	303 	376
f 225 	377 	237
f 225 	370 	377
f 370 	372 	380
f 286 	379 	335
f 29 	102 	378
f 376 	379 	286
f 370 	380 	377
f 107 	401 	359
f 378 	289 	29
f 380 	372 	306
f 452 	369 	287
f 237 	377 	387
f 59 	369 	388
f 368 	309 	382
f 384 	348 	352
f 363 	1079 	654
f 237 	387 	245
f 361 	131 	366
f 377 	277 	387
f 159 	131 	361
f 216 	390 	198
f 385 	423 	463
f 377 	380 	277
f 382 	314 	389
f 216 	393 	390
f 314 	382 	309
f 373 	385 	463
f 159 	391 	158
f 374 	373 	463
f 379 	392 	394
f 314 	289 	389
f 389 	289 	378
f 324 	396 	398
f 360 	346 	393
f 386 	360 	393
f 393 	345 	390
f 369 	455 	388
f 110 	453 	399
f 396 	310 	398
f 75 	388 	402
f 75 	402 	81
f 358 	386 	383
f 399 	230 	110
f 292 	310 	396
f 400 	413 	401
f 187 	81 	402
f 358 	383 	625
f 310 	315 	398
f 388 	460 	402
f 388 	455 	460
f 358 	625 	590
f 400 	153 	395
f 187 	402 	189
f 360 	386 	358
f 386 	393 	216
f 391 	401 	413
f 229 	386 	216
f 365 	405 	407
f 229 	228 	383
f 401 	391 	359
f 339 	302 	404
f 379 	394 	335
f 386 	229 	383
f 391 	361 	359
f 296 	302 	339
f 145 	327 	410
f 302 	292 	404
f 404 	292 	396
f 409 	412 	408
f 392 	414 	394
f 410 	202 	145
f 373 	406 	385
f 394 	414 	350
f 331 	417 	410
f 443 	385 	406
f 406 	373 	381
f 417 	331 	344
f 412 	384 	468
f 405 	476 	427
f 405 	469 	476
f 394 	350 	343
f 420 	418 	416
f 414 	421 	350
f 344 	353 	422
f 420 	416 	424
f 384 	412 	409
f 364 	350 	421
f 408 	478 	479
f 417 	344 	422
f 520 	408 	479
f 385 	419 	423
f 520 	442 	408
f 424 	501 	420
f 364 	421 	469
f 422 	457 	417
f 364 	469 	405
f 353 	428 	422
f 240 	45 	294
f 418 	420 	591
f 395 	140 	397
f 1185 	409 	486
f 107 	153 	400
f 408 	430 	409
f 418 	591 	426
f 45 	51 	294
f 294 	51 	303
f 428 	362 	433
f 144 	140 	395
f 303 	51 	434
f 419 	443 	423
f 144 	395 	153
f 426 	591 	603
f 439 	561 	430
f 303 	434 	376
f 362 	368 	433
f 51 	124 	434
f 400 	438 	413
f 430 	408 	439
f 376 	441 	379
f 376 	434 	441
f 429 	427 	440
f 432 	442 	431
f 395 	438 	400
f 489 	433 	444
f 434 	60 	441
f 433 	368 	444
f 442 	439 	408
f 434 	124 	60
f 135 	413 	438
f 280 	429 	287
f 407 	405 	427
f 391 	413 	158
f 407 	427 	429
f 443 	406 	447
f 440 	452 	429
f 60 	98 	543
f 391 	159 	361
f 406 	381 	447
f 437 	448 	445
f 442 	432 	439
f 543 	441 	60
f 543 	454 	392
f 368 	382 	444
f 448 	437 	560
f 407 	429 	280
f 441 	392 	379
f 202 	410 	453
f 440 	488 	452
f 423 	443 	447
f 445 	448 	424
f 410 	417 	453
f 456 	92 	451
f 445 	424 	416
f 419 	385 	443
f 452 	488 	455
f 224 	451 	458
f 414 	392 	454
f 399 	457 	403
f 455 	369 	452
f 447 	446 	423
f 424 	459 	501
f 453 	417 	457
f 456 	80 	92
f 449 	206 	450
f 399 	453 	457
f 402 	460 	189
f 422 	467 	457
f 422 	428 	467
f 502 	189 	460
f 423 	446 	463
f 457 	467 	403
f 470 	472 	474
f 473 	403 	467
f 449 	242 	206
f 462 	491 	465
f 206 	458 	450
f 902 	471 	435
f 458 	206 	224
f 465 	493 	475
f 470 	480 	838
f 424 	448 	459
f 448 	475 	459
f 493 	483 	475
f 471 	425 	435
f 475 	483 	459
f 427 	481 	440
f 473 	482 	588
f 467 	428 	482
f 490 	484 	436
f 467 	482 	473
f 428 	433 	482
f 481 	427 	476
f 1172 	80 	456
f 468 	486 	466
f 242 	449 	140
f 487 	488 	440
f 482 	433 	489
f 477 	466 	478
f 397 	499 	395
f 438 	395 	499
f 480 	474 	838
f 1134 	491 	462
f 440 	481 	487
f 499 	397 	449
f 436 	435 	415
f 474 	847 	838
f 595 	489 	492
f 480 	470 	474
f 458 	318 	321
f 415 	435 	411
f 489 	444 	492
f 472 	531 	474
f 411 	435 	425
f 11 	23 	341
f 321 	449 	450
f 493 	465 	491
f 347 	341 	23
f 468 	466 	477
f 484 	490 	390
f 444 	783 	492
f 390 	345 	484
f 458 	451 	318
f 490 	436 	415
f 399 	498 	230
f 458 	321 	450
f 455 	495 	460
f 399 	403 	498
f 461 	540 	542
f 449 	321 	499
f 414 	464 	421
f 412 	468 	477
f 135 	438 	499
f 454 	461 	464
f 408 	412 	477
f 455 	488 	495
f 477 	478 	408
f 300 	307 	499
f 460 	495 	502
f 496 	608 	609
f 518 	403 	473
f 464 	414 	454
f 449 	397 	140
f 459 	527 	501
f 495 	532 	502
f 23 	608 	496
f 503 	504 	506
f 505 	506 	504
f 773 	490 	415
f 466 	486 	409
f 409 	430 	466
f 619 	618 	496
f 506 	521 	503
f 509 	510 	511
f 498 	518 	500
f 513 	514 	515
f 501 	533 	507
f 510 	514 	513
f 510 	513 	511
f 509 	515 	514
f 509 	514 	510
f 496 	347 	23
f 403 	518 	498
f 496 	494 	347
f 509 	505 	515
f 504 	515 	505
f 464 	542 	548
f 511 	521 	509
f 509 	506 	505
f 464 	461 	542
f 497 	546 	494
f 521 	506 	509
f 496 	497 	494
f 522 	513 	515
f 548 	421 	464
f 511 	513 	522
f 504 	503 	515
f 522 	515 	503
f 518 	473 	523
f 522 	503 	521
f 524 	487 	21
f 521 	511 	522
f 488 	524 	495
f 525 	529 	526
f 538 	518 	523
f 442 	520 	593
f 527 	459 	483
f 487 	524 	488
f 524 	532 	495
f 1408 	527 	483
f 527 	533 	501
f 524 	21 	129
f 442 	593 	585
f 512 	534 	530
f 524 	129 	532
f 239 	500 	517
f 502 	31 	265
f 500 	518 	538
f 508 	535 	534
f 538 	523 	544
f 31 	502 	532
f 532 	132 	31
f 500 	538 	517
f 431 	583 	693
f 546 	497 	528
f 508 	534 	512
f 523 	552 	544
f 31 	35 	265
f 571 	239 	517
f 517 	540 	571
f 517 	538 	541
f 472 	470 	539
f 95 	288 	257
f 540 	517 	541
f 566 	95 	257
f 647 	431 	545
f 647 	432 	431
f 235 	519 	549
f 530 	550 	549
f 541 	538 	544
f 539 	1067 	546
f 530 	534 	550
f 528 	539 	546
f 549 	519 	530
f 421 	548 	469
f 534 	639 	550
f 536 	529 	525
f 551 	547 	555
f 551 	555 	554
f 539 	470 	836
f 547 	462 	555
f 559 	526 	529
f 476 	469 	556
f 543 	98 	567
f 441 	543 	392
f 531 	539 	528
f 548 	542 	553
f 548 	553 	556
f 531 	472 	539
f 554 	555 	560
f 430 	561 	563
f 556 	469 	548
f 437 	554 	560
f 564 	430 	563
f 555 	465 	560
f 539 	836 	849
f 476 	556 	565
f 95 	566 	98
f 555 	462 	465
f 257 	239 	566
f 565 	481 	476
f 566 	567 	98
f 564 	563 	479
f 465 	475 	560
f 566 	571 	567
f 560 	475 	448
f 543 	567 	454
f 563 	520 	479
f 569 	541 	568
f 553 	542 	569
f 571 	566 	239
f 540 	541 	569
f 439 	604 	561
f 569 	542 	540
f 528 	1046 	531
f 541 	544 	568
f 439 	605 	604
f 567 	571 	461
f 569 	568 	573
f 544 	552 	575
f 553 	569 	573
f 544 	575 	568
f 847 	531 	844
f 571 	540 	461
f 553 	573 	574
f 573 	250 	76
f 539 	849 	850
f 557 	559 	529
f 478 	466 	564
f 568 	575 	250
f 565 	556 	574
f 485 	547 	576
f 461 	454 	567
f 564 	479 	478
f 561 	520 	563
f 570 	579 	580
f 556 	553 	574
f 580 	558 	570
f 574 	76 	77
f 574 	573 	76
f 564 	466 	430
f 568 	250 	573
f 574 	77 	565
f 534 	535 	639
f 582 	565 	77
f 565 	582 	481
f 462 	547 	485
f 268 	292 	584
f 1063 	494 	546
f 442 	585 	583
f 584 	322 	268
f 487 	481 	582
f 557 	562 	559
f 584 	714 	322
f 549 	228 	235
f 582 	154 	21
f 572 	562 	557
f 431 	442 	583
f 549 	383 	228
f 579 	572 	557
f 582 	21 	487
f 579 	570 	572
f 578 	576 	547
f 578 	547 	551
f 580 	586 	558
f 523 	473 	588
f 684 	685 	589
f 580 	587 	586
f 552 	523 	588
f 519 	358 	590
f 235 	358 	519
f 519 	590 	530
f 474 	531 	847
f 592 	736 	586
f 482 	489 	588
f 590 	594 	530
f 588 	489 	595
f 591 	420 	507
f 529 	607 	589
f 604 	605 	593
f 420 	501 	507
f 595 	552 	588
f 530 	594 	596
f 605 	585 	593
f 586 	674 	592
f 598 	720 	426
f 593 	561 	604
f 552 	595 	699
f 593 	520 	561
f 580 	599 	587
f 577 	597 	347
f 530 	596 	512
f 426 	603 	598
f 545 	431 	693
f 575 	552 	699
f 507 	516 	591
f 591 	516 	603
f 612 	605 	439
f 601 	611 	602
f 606 	699 	595
f 628 	590 	625
f 613 	614 	611
f 595 	492 	606
f 613 	615 	614
f 590 	628 	594
f 598 	616 	610
f 585 	605 	583
f 605 	612 	583
f 603 	616 	598
f 508 	512 	662
f 611 	601 	613
f 432 	612 	439
f 613 	621 	620
f 496 	622 	619
f 596 	594 	628
f 628 	639 	596
f 601 	621 	613
f 616 	631 	610
f 581 	634 	661
f 23 	42 	608
f 537 	616 	603
f 42 	355 	608
f 603 	516 	537
f 34 	631 	616
f 630 	627 	629
f 537 	34 	616
f 620 	624 	633
f 634 	632 	635
f 631 	636 	610
f 723 	738 	589
f 609 	622 	496
f 432 	843 	703
f 625 	383 	549
f 625 	549 	550
f 631 	34 	247
f 625 	550 	628
f 623 	614 	624
f 993 	618 	577
f 612 	432 	703
f 614 	623 	611
f 607 	638 	600
f 631 	247 	47
f 577 	619 	597
f 614 	615 	633
f 619 	577 	618
f 600 	638 	637
f 631 	47 	636
f 617 	606 	777
f 614 	633 	624
f 529 	638 	607
f 356 	597 	619
f 636 	47 	49
f 619 	622 	356
f 642 	641 	640
f 622 	609 	354
f 581 	632 	634
f 620 	633 	613
f 630 	661 	634
f 550 	639 	628
f 645 	416 	418
f 622 	354 	356
f 640 	646 	642
f 633 	615 	613
f 609 	355 	354
f 645 	418 	644
f 668 	639 	535
f 647 	545 	649
f 632 	677 	629
f 637 	650 	600
f 609 	608 	355
f 629 	635 	632
f 601 	602 	648
f 418 	426 	644
f 627 	635 	629
f 655 	646 	640
f 650 	637 	652
f 601 	648 	621
f 1406 	630 	634
f 657 	658 	1142
f 680 	445 	651
f 662 	512 	596
f 649 	545 	655
f 651 	416 	645
f 651 	445 	416
f 649 	655 	640
f 602 	664 	663
f 649 	640 	641
f 611 	664 	602
f 611 	623 	626
f 630 	629 	661
f 662 	700 	695
f 662 	701 	700
f 611 	626 	664
f 656 	650 	667
f 728 	581 	661
f 654 	660 	669
f 641 	904 	649
f 663 	664 	1039
f 551 	554 	666
f 669 	670 	654
f 652 	667 	650
f 907 	655 	908
f 660 	653 	669
f 907 	646 	655
f 621 	624 	620
f 621 	648 	624
f 624 	648 	623
f 662 	596 	668
f 907 	642 	646
f 668 	701 	662
f 668 	596 	639
f 626 	623 	648
f 904 	641 	642
f 586 	587 	674
f 673 	674 	587
f 629 	677 	661
f 113 	654 	670
f 666 	554 	672
f 131 	113 	670
f 366 	131 	670
f 599 	673 	587
f 671 	672 	680
f 581 	679 	632
f 671 	680 	676
f 677 	632 	679
f 685 	688 	589
f 672 	437 	680
f 425 	471 	687
f 672 	554 	437
f 688 	685 	526
f 687 	657 	425
f 681 	592 	674
f 690 	599 	681
f 592 	681 	599
f 685 	525 	526
f 600 	969 	607
f 657 	687 	675
f 658 	657 	675
f 690 	1062 	673
f 627 	1396 	691
f 676 	651 	771
f 970 	607 	969
f 673 	599 	690
f 680 	651 	676
f 445 	680 	437
f 589 	607 	900
f 643 	714 	584
f 771 	651 	645
f 710 	709 	696
f 174 	578 	698
f 692 	508 	662
f 578 	551 	698
f 686 	696 	709
f 589 	900 	684
f 692 	662 	695
f 251 	174 	698
f 686 	813 	696
f 699 	258 	575
f 698 	551 	666
f 666 	185 	698
f 696 	813 	689
f 682 	731 	683
f 185 	666 	704
f 699 	702 	258
f 705 	148 	146
f 536 	685 	684
f 146 	118 	705
f 685 	536 	525
f 271 	185 	704
f 606 	702 	699
f 296 	333 	702
f 668 	711 	717
f 702 	617 	296
f 671 	205 	704
f 843 	706 	703
f 702 	606 	617
f 723 	688 	526
f 704 	672 	671
f 700 	701 	721
f 704 	666 	672
f 617 	643 	296
f 701 	730 	721
f 296 	643 	302
f 701 	668 	730
f 302 	584 	292
f 692 	711 	508
f 973 	638 	996
f 643 	584 	302
f 634 	635 	691
f 692 	695 	711
f 695 	717 	711
f 709 	872 	887
f 1397 	634 	691
f 627 	691 	635
f 644 	426 	720
f 715 	716 	739
f 706 	710 	696
f 872 	709 	710
f 780 	720 	712
f 715 	570 	716
f 717 	700 	721
f 693 	703 	706
f 926 	722 	830
f 706 	696 	689
f 700 	717 	695
f 711 	535 	508
f 693 	706 	689
f 712 	727 	724
f 711 	668 	535
f 693 	689 	829
f 727 	712 	720
f 721 	668 	717
f 668 	721 	730
f 722 	678 	708
f 589 	688 	723
f 612 	703 	583
f 697 	694 	726
f 720 	598 	727
f 718 	738 	723
f 703 	693 	583
f 726 	707 	697
f 727 	732 	724
f 828 	545 	693
f 693 	829 	828
f 747 	729 	770
f 731 	888 	894
f 744 	724 	732
f 828 	909 	545
f 317 	312 	781
f 733 	728 	661
f 598 	610 	727
f 727 	610 	732
f 371 	375 	737
f 732 	610 	636
f 894 	705 	731
f 734 	581 	728
f 740 	736 	592
f 732 	636 	750
f 599 	740 	592
f 708 	678 	818
f 679 	581 	734
f 718 	715 	738
f 715 	739 	738
f 682 	678 	722
f 722 	731 	682
f 747 	749 	754
f 747 	733 	749
f 745 	737 	746
f 749 	733 	661
f 117 	705 	118
f 661 	677 	749
f 731 	705 	117
f 742 	746 	737
f 740 	739 	716
f 732 	750 	744
f 743 	760 	757
f 117 	683 	731
f 526 	559 	723
f 746 	742 	876
f 562 	715 	718
f 678 	762 	752
f 734 	749 	679
f 741 	99 	97
f 677 	679 	749
f 741 	735 	99
f 375 	785 	737
f 562 	572 	715
f 659 	725 	754
f 737 	785 	742
f 99 	735 	152
f 739 	740 	579
f 741 	743 	735
f 772 	734 	728
f 756 	726 	694
f 735 	743 	757
f 645 	644 	755
f 716 	736 	740
f 725 	665 	758
f 751 	719 	756
f 659 	665 	725
f 671 	210 	205
f 756 	719 	726
f 562 	723 	559
f 718 	723 	562
f 719 	751 	713
f 729 	725 	758
f 676 	761 	210
f 725 	729 	754
f 747 	754 	729
f 671 	676 	210
f 314 	309 	764
f 792 	765 	665
f 570 	715 	572
f 803 	745 	746
f 694 	864 	756
f 766 	678 	752
f 716 	570 	736
f 765 	758 	665
f 736 	570 	558
f 682 	683 	863
f 694 	767 	768
f 761 	764 	309
f 770 	758 	765
f 676 	771 	761
f 558 	586 	736
f 769 	767 	694
f 739 	557 	738
f 772 	770 	765
f 697 	769 	694
f 761 	771 	764
f 557 	589 	738
f 768 	861 	694
f 557 	529 	589
f 739 	579 	557
f 784 	742 	785
f 579 	740 	580
f 734 	772 	765
f 599 	580 	740
f 714 	323 	322
f 764 	755 	753
f 775 	323 	714
f 638 	529 	774
f 755 	764 	771
f 102 	775 	378
f 536 	774 	529
f 645 	755 	771
f 678 	682 	762
f 777 	606 	492
f 289 	753 	778
f 755 	780 	753
f 755 	644 	780
f 492 	783 	777
f 694 	861 	864
f 778 	753 	780
f 783 	444 	382
f 863 	683 	865
f 754 	749 	765
f 683 	866 	865
f 778 	712 	787
f 778 	780 	712
f 734 	765 	749
f 733 	747 	772
f 758 	770 	729
f 742 	784 	763
f 747 	770 	772
f 1199 	785 	375
f 644 	720 	780
f 830 	752 	762
f 784 	813 	763
f 786 	760 	743
f 785 	782 	784
f 724 	787 	712
f 728 	733 	772
f 781 	436 	484
f 754 	791 	659
f 803 	782 	785
f 665 	659 	792
f 791 	792 	659
f 788 	793 	707
f 790 	183 	179
f 261 	773 	312
f 791 	765 	792
f 1418 	724 	744
f 785 	1199 	803
f 791 	754 	765
f 796 	707 	793
f 179 	165 	794
f 726 	874 	788
f 788 	707 	726
f 179 	794 	790
f 768 	793 	788
f 767 	793 	768
f 769 	796 	767
f 804 	801 	802
f 803 	746 	782
f 705 	790 	794
f 767 	796 	793
f 148 	705 	794
f 796 	697 	707
f 697 	796 	769
f 802 	805 	807
f 790 	213 	183
f 790 	705 	885
f 807 	804 	802
f 818 	819 	722
f 713 	808 	809
f 781 	902 	436
f 1365 	808 	713
f 312 	773 	781
f 722 	819 	830
f 781 	773 	902
f 777 	812 	789
f 1020 	786 	743
f 783 	812 	777
f 759 	763 	813
f 382 	389 	783
f 801 	797 	1078
f 784 	782 	813
f 804 	797 	801
f 743 	134 	173
f 813 	810 	759
f 783 	389 	812
f 643 	789 	714
f 134 	743 	91
f 801 	1078 	1072
f 686 	810 	813
f 741 	91 	743
f 775 	789 	812
f 790 	262 	213
f 799 	776 	823
f 766 	752 	818
f 743 	173 	182
f 813 	829 	689
f 91 	741 	97
f 860 	800 	854
f 798 	854 	800
f 766 	818 	678
f 866 	683 	117
f 815 	816 	817
f 172 	735 	757
f 709 	810 	686
f 800 	815 	817
f 674 	820 	821
f 178 	172 	757
f 674 	673 	820
f 776 	1019 	823
f 722 	708 	818
f 811 	713 	809
f 807 	805 	822
f 822 	825 	826
f 752 	819 	818
f 855 	856 	827
f 751 	831 	748
f 810 	709 	887
f 834 	751 	833
f 895 	893 	833
f 1173 	807 	822
f 743 	182 	1020
f 819 	752 	830
f 834 	835 	751
f 817 	816 	858
f 834 	809 	835
f 836 	470 	838
f 760 	837 	839
f 831 	751 	835
f 860 	815 	800
f 827 	814 	853
f 827 	853 	855
f 815 	827 	856
f 848 	845 	846
f 1032 	821 	841
f 836 	838 	847
f 851 	832 	841
f 828 	829 	843
f 839 	837 	842
f 847 	849 	836
f 799 	823 	857
f 856 	816 	815
f 906 	751 	756
f 432 	934 	843
f 895 	833 	751
f 853 	854 	855
f 845 	852 	826
f 821 	820 	841
f 849 	847 	850
f 828 	843 	934
f 856 	854 	798
f 809 	808 	835
f 858 	859 	856
f 872 	710 	706
f 850 	847 	844
f 798 	858 	856
f 823 	824 	857
f 833 	893 	811
f 824 	832 	857
f 825 	845 	826
f 880 	759 	810
f 857 	832 	851
f 845 	848 	852
f 809 	833 	811
f 820 	851 	841
f 837 	760 	870
f 833 	809 	834
f 872 	829 	813
f 848 	862 	840
f 860 	814 	827
f 860 	827 	815
f 786 	842 	995
f 872 	843 	829
f 856 	855 	854
f 862 	1151 	840
f 600 	921 	969
f 863 	868 	682
f 864 	867 	756
f 760 	839 	1049
f 411 	870 	871
f 868 	762 	682
f 848 	846 	862
f 706 	843 	872
f 411 	425 	870
f 789 	775 	714
f 667 	886 	869
f 875 	874 	726
f 875 	864 	874
f 871 	415 	411
f 816 	856 	859
f 726 	719 	875
f 869 	656 	667
f 859 	858 	816
f 880 	876 	759
f 719 	881 	875
f 883 	858 	798
f 742 	763 	876
f 870 	425 	879
f 876 	763 	759
f 864 	861 	874
f 881 	867 	864
f 881 	864 	875
f 782 	746 	876
f 788 	874 	768
f 874 	861 	768
f 810 	887 	880
f 822 	805 	891
f 872 	782 	876
f 378 	775 	812
f 880 	872 	876
f 389 	378 	812
f 887 	872 	880
f 891 	825 	822
f 895 	889 	893
f 877 	873 	797
f 894 	885 	705
f 617 	777 	789
f 617 	789 	643
f 877 	797 	804
f 773 	415 	871
f 895 	897 	889
f 872 	813 	782
f 649 	899 	647
f 894 	888 	865
f 649 	904 	905
f 649 	905 	899
f 647 	899 	903
f 262 	790 	885
f 902 	912 	471
f 878 	802 	801
f 756 	867 	906
f 607 	988 	900
f 895 	751 	906
f 881 	906 	867
f 906 	920 	895
f 804 	913 	877
f 909 	934 	903
f 806 	774 	900
f 536 	900 	774
f 536 	684 	900
f 817 	890 	800
f 638 	774 	996
f 914 	276 	1162
f 806 	900 	901
f 806 	901 	779
f 719 	713 	919
f 910 	997 	1006
f 863 	865 	888
f 892 	800 	890
f 894 	865 	866
f 1162 	918 	914
f 919 	713 	920
f 600 	922 	921
f 885 	894 	866
f 908 	655 	917
f 656 	869 	922
f 802 	878 	918
f 866 	882 	885
f 886 	922 	869
f 650 	656 	922
f 545 	909 	917
f 919 	920 	906
f 650 	922 	600
f 117 	882 	866
f 917 	655 	545
f 934 	909 	828
f 800 	892 	927
f 762 	926 	830
f 919 	881 	719
f 907 	904 	642
f 908 	905 	907
f 731 	925 	888
f 928 	924 	914
f 868 	863 	926
f 907 	905 	904
f 915 	1048 	1053
f 890 	817 	858
f 919 	906 	881
f 917 	909 	903
f 883 	890 	858
f 924 	916 	914
f 722 	926 	925
f 903 	899 	917
f 920 	713 	811
f 800 	927 	932
f 930 	931 	929
f 731 	722 	925
f 899 	908 	917
f 918 	928 	914
f 926 	863 	925
f 908 	899 	905
f 930 	933 	931
f 888 	925 	863
f 913 	1178 	928
f 432 	647 	934
f 647 	903 	934
f 868 	926 	762
f 884 	927 	892
f 884 	942 	927
f 937 	577 	347
f 811 	936 	920
f 938 	935 	637
f 877 	918 	878
f 938 	922 	935
f 913 	928 	918
f 937 	347 	494
f 922 	938 	921
f 800 	795 	798
f 913 	918 	877
f 1407 	893 	889
f 811 	893 	936
f 886 	935 	922
f 893 	1407 	936
f 993 	577 	937
f 800 	932 	795
f 886 	667 	935
f 822 	826 	1173
f 935 	667 	652
f 804 	807 	1173
f 930 	929 	959
f 652 	637 	935
f 798 	884 	883
f 936 	1407 	920
f 942 	884 	798
f 804 	1173 	913
f 933 	910 	915
f 795 	942 	798
f 920 	897 	895
f 1185 	348 	384
f 931 	933 	915
f 976 	938 	637
f 802 	918 	1164
f 932 	927 	795
f 942 	795 	927
f 1164 	805 	802
f 884 	944 	883
f 943 	946 	348
f 947 	883 	944
f 976 	637 	638
f 976 	921 	938
f 890 	883 	949
f 883 	947 	949
f 954 	945 	955
f 955 	945 	948
f 1198 	845 	825
f 939 	951 	941
f 949 	952 	892
f 957 	956 	776
f 966 	944 	952
f 776 	779 	957
f 952 	953 	966
f 1019 	776 	956
f 884 	892 	944
f 949 	892 	890
f 348 	962 	1026
f 528 	497 	1043
f 957 	779 	901
f 952 	944 	892
f 1046 	528 	1043
f 531 	1046 	844
f 348 	1026 	352
f 373 	374 	967
f 373 	967 	381
f 1136 	930 	1133
f 958 	955 	979
f 961 	962 	950
f 958 	1129 	955
f 930 	959 	1133
f 814 	949 	947
f 964 	1069 	965
f 962 	946 	950
f 921 	976 	969
f 902 	968 	912
f 962 	348 	946
f 814 	947 	853
f 937 	494 	951
f 968 	760 	786
f 896 	898 	963
f 947 	854 	853
f 976 	970 	969
f 607 	970 	988
f 1022 	374 	1051
f 941 	972 	1003
f 786 	995 	968
f 970 	973 	988
f 1209 	933 	1216
f 949 	814 	860
f 933 	930 	1216
f 964 	967 	971
f 902 	435 	436
f 638 	973 	976
f 374 	971 	967
f 977 	978 	975
f 955 	1129 	1130
f 950 	974 	975
f 955 	1130 	954
f 959 	929 	896
f 974 	940 	975
f 973 	970 	976
f 447 	381 	967
f 1011 	947 	944
f 446 	447 	967
f 1067 	539 	850
f 978 	950 	975
f 980 	956 	957
f 980 	983 	956
f 968 	902 	870
f 871 	870 	902
f 947 	1011 	854
f 494 	1063 	1060
f 968 	870 	760
f 494 	1060 	951
f 983 	1019 	956
f 896 	963 	959
f 879 	912 	999
f 981 	990 	984
f 1118 	94 	985
f 983 	799 	1052
f 1060 	941 	951
f 957 	988 	980
f 602 	958 	979
f 902 	773 	871
f 648 	602 	979
f 955 	948 	979
f 879 	992 	870
f 901 	900 	988
f 939 	497 	993
f 497 	496 	993
f 985 	1144 	1118
f 837 	870 	992
f 940 	984 	990
f 957 	901 	988
f 993 	951 	939
f 960 	1219 	945
f 988 	973 	996
f 910 	994 	997
f 984 	940 	961
f 842 	837 	995
f 998 	996 	774
f 496 	618 	993
f 1023 	987 	986
f 1013 	961 	940
f 776 	799 	998
f 774 	806 	998
f 1002 	1300 	911
f 995 	837 	999
f 992 	879 	999
f 1094 	989 	1087
f 806 	779 	998
f 799 	980 	998
f 986 	1001 	1030
f 977 	975 	981
f 987 	1021 	1005
f 991 	653 	1000
f 992 	999 	837
f 1001 	1005 	1030
f 1021 	1030 	1005
f 981 	984 	978
f 972 	991 	1003
f 779 	776 	998
f 999 	912 	968
f 991 	1004 	1003
f 978 	984 	950
f 964 	1007 	1008
f 860 	854 	1009
f 978 	977 	981
f 1011 	1009 	854
f 966 	1011 	944
f 1007 	964 	1010
f 999 	968 	995
f 799 	983 	980
f 984 	961 	950
f 991 	1000 	1004
f 964 	965 	1010
f 1009 	953 	952
f 996 	980 	988
f 1008 	1015 	967
f 653 	991 	669
f 996 	998 	980
f 949 	1009 	952
f 911 	1012 	1002
f 1014 	1049 	839
f 949 	860 	1009
f 940 	974 	1013
f 953 	1009 	966
f 1011 	966 	1009
f 1008 	967 	964
f 1021 	987 	1016
f 1006 	1012 	910
f 1010 	965 	989
f 911 	910 	1012
f 975 	940 	990
f 997 	994 	982
f 757 	180 	178
f 960 	945 	954
f 118 	1144 	116
f 1020 	182 	180
f 824 	823 	1017
f 118 	147 	1144
f 975 	990 	981
f 982 	1028 	997
f 1019 	1017 	823
f 1013 	974 	1034
f 987 	1023 	1016
f 1100 	1004 	1000
f 180 	1061 	1020
f 971 	374 	1022
f 1018 	824 	1017
f 1003 	1024 	941
f 983 	1052 	1019
f 180 	760 	1061
f 1029 	1016 	1027
f 1023 	1027 	1016
f 757 	760 	180
f 915 	1028 	982
f 986 	1030 	1023
f 116 	1144 	985
f 1027 	1031 	1033
f 1027 	1033 	1029
f 1017 	1052 	1018
f 1034 	974 	950
f 1021 	1033 	1031
f 1030 	1021 	1031
f 824 	1018 	832
f 841 	832 	1018
f 1024 	939 	941
f 1035 	946 	1036
f 1037 	948 	945
f 989 	1141 	1010
f 1032 	1038 	821
f 648 	1039 	626
f 1018 	1032 	841
f 1065 	842 	786
f 1012 	1006 	1053
f 648 	979 	1039
f 993 	937 	951
f 1006 	997 	1040
f 961 	1013 	1025
f 997 	1028 	1040
f 1034 	1025 	1013
f 979 	1042 	1039
f 1006 	1040 	1053
f 352 	1026 	1036
f 1040 	1028 	915
f 1045 	1042 	979
f 1017 	1019 	1052
f 979 	948 	1045
f 1053 	1040 	915
f 1041 	1015 	1008
f 1193 	352 	1036
f 1035 	1036 	1026
f 1055 	1032 	1018
f 1047 	602 	663
f 1032 	1055 	1062
f 1035 	1026 	1025
f 1032 	1062 	1038
f 1047 	958 	602
f 374 	463 	1041
f 1035 	1025 	1034
f 911 	1048 	910
f 1014 	839 	842
f 681 	821 	1038
f 910 	1048 	915
f 1041 	1051 	374
f 681 	674 	821
f 962 	1025 	1026
f 1052 	1055 	1018
f 1067 	844 	1046
f 1014 	1054 	1049
f 1041 	1008 	1051
f 1025 	962 	961
f 1041 	463 	446
f 950 	946 	1035
f 1051 	1007 	1022
f 1024 	1044 	939
f 1012 	1053 	1050
f 1035 	1034 	950
f 1051 	1008 	1007
f 1002 	1012 	1050
f 1043 	1044 	1060
f 1022 	1141 	971
f 1036 	946 	943
f 1059 	1020 	1061
f 1193 	1036 	943
f 1060 	1063 	1043
f 1041 	446 	1015
f 1039 	664 	626
f 1067 	1046 	1063
f 663 	1039 	1047
f 1064 	1068 	1105
f 1048 	1050 	1053
f 1047 	1039 	1042
f 1056 	1050 	1048
f 446 	967 	1015
f 1360 	1056 	1048
f 1046 	1043 	1063
f 898 	1070 	1071
f 1065 	1049 	1066
f 1058 	1123 	1057
f 898 	896 	1070
f 896 	929 	1070
f 786 	1020 	1059
f 1038 	1062 	681
f 1074 	1064 	1073
f 1057 	1219 	1058
f 1067 	850 	844
f 851 	820 	1055
f 1055 	820 	1062
f 681 	1062 	690
f 963 	898 	1071
f 1069 	971 	1141
f 1068 	1064 	1074
f 820 	673 	1062
f 1069 	964 	971
f 1059 	1065 	786
f 1052 	857 	1055
f 1069 	1141 	1094
f 1037 	945 	1057
f 1075 	1136 	1070
f 1063 	546 	1067
f 1052 	799 	857
f 1094 	1072 	1069
f 760 	1049 	1061
f 851 	1055 	857
f 945 	1219 	1057
f 1044 	497 	939
f 1072 	1078 	1069
f 1043 	497 	1044
f 965 	1069 	1078
f 1054 	1089 	1066
f 1045 	1047 	1042
f 113 	363 	654
f 1073 	1077 	1074
f 989 	965 	1078
f 1047 	1045 	1129
f 1129 	1045 	1037
f 1061 	1065 	1059
f 1108 	989 	1078
f 1079 	1080 	660
f 1045 	948 	1037
f 1078 	797 	1108
f 1054 	1066 	1049
f 654 	1079 	660
f 1061 	1049 	1065
f 1111 	493 	491
f 1014 	1082 	1054
f 1133 	959 	963
f 1029 	1033 	1016
f 1021 	1016 	1033
f 1082 	1085 	1054
f 1086 	493 	1111
f 877 	878 	1084
f 1031 	1394 	1030
f 660 	1080 	653
f 363 	366 	1079
f 1079 	366 	1100
f 1073 	1091 	1077
f 1085 	1089 	1054
f 878 	801 	1084
f 1084 	801 	1087
f 1085 	1093 	1089
f 801 	1072 	1087
f 176 	269 	1088
f 1096 	1089 	1093
f 653 	1080 	1000
f 1072 	1094 	1087
f 1080 	1100 	1000
f 1093 	1085 	1098
f 1080 	1079 	1100
f 1071 	1070 	1076
f 1014 	1102 	1103
f 1102 	1014 	842
f 1100 	1003 	1004
f 30 	1104 	1101
f 1084 	1108 	873
f 1084 	873 	877
f 1102 	842 	1065
f 1024 	1003 	1100
f 1066 	1103 	1102
f 1141 	989 	1094
f 1071 	1076 	963
f 1105 	1106 	1064
f 30 	1097 	1104
f 669 	941 	1060
f 1200 	1201 	931
f 1060 	1044 	669
f 1109 	1110 	1105
f 1108 	1084 	1087
f 941 	669 	972
f 1097 	203 	1104
f 1097 	187 	203
f 1103 	1098 	1085
f 669 	366 	670
f 1108 	1087 	989
f 491 	1101 	1111
f 1101 	1104 	1117
f 1109 	1105 	1068
f 669 	1100 	366
f 1101 	1117 	1111
f 931 	915 	1107
f 1114 	960 	1113
f 1082 	1014 	1103
f 669 	991 	972
f 1108 	797 	873
f 1102 	1065 	1066
f 1106 	1115 	1116
f 1024 	1100 	1044
f 1104 	222 	1117
f 1085 	1082 	1103
f 1116 	1112 	1106
f 669 	1044 	1100
f 1112 	1064 	1106
f 203 	222 	1104
f 1120 	1119 	923
f 923 	1118 	1120
f 1066 	1098 	1103
f 1119 	924 	923
f 1111 	1088 	1086
f 1140 	1137 	1122
f 1123 	1113 	960
f 1111 	1117 	1088
f 960 	954 	1123
f 1125 	1098 	1066
f 915 	982 	1107
f 1112 	1073 	1064
f 222 	176 	1117
f 1107 	982 	1174
f 1120 	1144 	276
f 1105 	1115 	1106
f 1124 	11 	1126
f 1107 	1174 	1121
f 1117 	176 	1088
f 1116 	1110 	1109
f 1126 	1145 	1124
f 1075 	1070 	929
f 1075 	929 	1228
f 1175 	1109 	1068
f 1127 	1098 	1125
f 924 	1119 	916
f 485 	1152 	1128
f 1110 	1115 	1105
f 1120 	276 	1119
f 341 	1126 	11
f 1115 	1110 	1116
f 1119 	276 	916
f 1122 	15 	1124
f 1047 	1129 	958
f 1125 	1131 	1127
f 276 	914 	916
f 1122 	20 	15
f 1089 	1131 	1125
f 1128 	24 	30
f 1109 	1112 	1116
f 341 	1148 	1126
f 933 	1209 	1210
f 923 	94 	1118
f 1175 	1112 	1109
f 1123 	954 	1130
f 1093 	1098 	1127
f 1093 	1127 	1184
f 1076 	1070 	1133
f 1134 	462 	485
f 963 	1076 	1133
f 1037 	1130 	1129
f 1089 	1096 	1131
f 1134 	485 	1128
f 1137 	1132 	1122
f 1135 	1091 	1139
f 1131 	1096 	1231
f 1125 	1066 	1089
f 52 	62 	1137
f 1128 	30 	1134
f 52 	1137 	1140
f 44 	1137 	62
f 1140 	1122 	1124
f 1101 	1134 	30
f 1140 	1124 	1145
f 1134 	1101 	491
f 1144 	1120 	1118
f 1126 	1147 	1145
f 493 	1086 	483
f 355 	42 	1148
f 1135 	1077 	1091
f 104 	128 	1149
f 1136 	1075 	1216
f 1158 	1077 	1135
f 1007 	1010 	1141
f 1274 	1262 	1146
f 1022 	1007 	1141
f 1137 	44 	1132
f 1143 	1227 	1181
f 55 	53 	1145
f 1091 	1073 	1112
f 55 	1145 	1147
f 1151 	826 	852
f 1151 	852 	848
f 55 	1147 	1148
f 840 	1151 	848
f 1228 	929 	931
f 1133 	1070 	1136
f 1148 	42 	55
f 1126 	1148 	1147
f 1167 	1139 	1091
f 1149 	128 	1150
f 1167 	1091 	1112
f 1228 	1216 	1075
f 4 	1152 	112
f 4 	1128 	1152
f 1092 	986 	987
f 1 	1224 	1153
f 1139 	1167 	357
f 1150 	1152 	576
f 1005 	1284 	987
f 1139 	357 	371
f 1284 	1090 	1092
f 27 	1153 	1154
f 1142 	675 	1155
f 1150 	112 	1152
f 1090 	1284 	1283
f 675 	1142 	658
f 1095 	1282 	1287
f 1156 	879 	425
f 1156 	425 	657
f 226 	104 	1149
f 1150 	1168 	1149
f 657 	1142 	1156
f 471 	912 	1159
f 27 	1 	1153
f 1159 	687 	471
f 1158 	1135 	1138
f 1162 	1164 	918
f 226 	1149 	241
f 1132 	1163 	1122
f 687 	1159 	1155
f 92 	20 	1122
f 1156 	1155 	1159
f 1163 	92 	1122
f 1152 	485 	576
f 675 	687 	1155
f 1187 	92 	1163
f 1150 	576 	1168
f 912 	879 	1159
f 1149 	1168 	241
f 1159 	879 	1156
f 1164 	825 	891
f 1156 	1142 	1155
f 92 	1187 	451
f 1280 	1279 	1143
f 1198 	825 	1164
f 1186 	1165 	1169
f 1163 	1132 	1171
f 1143 	1281 	1280
f 805 	1164 	891
f 375 	357 	1138
f 1168 	576 	578
f 1168 	578 	174
f 1174 	933 	1210
f 1077 	1158 	1175
f 1173 	826 	1151
f 43 	56 	1177
f 1210 	1166 	1174
f 1146 	1262 	1176
f 1177 	88 	252
f 1176 	1288 	1143
f 1176 	1143 	1146
f 1175 	1074 	1077
f 1186 	1195 	1165
f 252 	133 	1177
f 1256 	1169 	1165
f 1163 	1172 	197
f 913 	1173 	1178
f 1058 	1114 	1113
f 1180 	1181 	1227
f 1174 	994 	910
f 1163 	1171 	1172
f 1177 	56 	1182
f 1068 	1074 	1175
f 1182 	56 	67
f 1157 	1186 	1169
f 1196 	197 	194
f 1177 	1182 	88
f 1175 	1158 	1112
f 1167 	1112 	1158
f 1123 	1058 	1113
f 82 	80 	1172
f 1138 	1167 	1158
f 1123 	1130 	1037
f 456 	197 	1172
f 94 	923 	924
f 1174 	982 	994
f 1093 	1184 	1183
f 1037 	1057 	1123
f 933 	1174 	910
f 357 	1167 	1138
f 1171 	82 	1172
f 384 	409 	1185
f 1182 	67 	13
f 1186 	1157 	1275
f 1180 	1184 	1191
f 82 	1171 	1132
f 1180 	1188 	1181
f 1191 	1188 	1180
f 1187 	338 	318
f 1173 	1151 	1198
f 1187 	318 	451
f 13 	106 	1182
f 1190 	1189 	1081
f 928 	1178 	94
f 67 	75 	2
f 1174 	1166 	1121
f 1193 	943 	1185
f 1083 	1190 	1081
f 1162 	94 	1178
f 1187 	336 	338
f 2 	13 	67
f 1135 	1194 	1138
f 75 	81 	2
f 1165 	1195 	1121
f 928 	94 	924
f 1246 	1189 	1192
f 2 	4 	13
f 1146 	1143 	1188
f 1194 	1135 	1139
f 1165 	1121 	1166
f 1099 	1368 	1197
f 1194 	737 	745
f 1183 	1184 	1180
f 1194 	1199 	1138
f 1187 	1163 	1196
f 1199 	1194 	745
f 745 	803 	1199
f 1132 	44 	82
f 1127 	1240 	1184
f 1203 	1121 	1195
f 1196 	299 	342
f 1197 	1190 	1083
f 194 	299 	1196
f 1193 	1185 	486
f 1189 	1190 	1384
f 943 	348 	1185
f 1186 	1203 	1195
f 197 	1196 	1163
f 1198 	862 	846
f 1139 	371 	1194
f 1197 	1384 	1190
f 342 	340 	1196
f 371 	737 	1194
f 1196 	340 	1215
f 375 	1138 	1199
f 1083 	1099 	1197
f 1202 	255 	253
f 468 	352 	1193
f 486 	468 	1193
f 253 	1212 	1202
f 1188 	1143 	1181
f 1107 	1203 	1200
f 1107 	1121 	1203
f 1178 	1173 	1164
f 1206 	1257 	1208
f 1208 	1205 	1204
f 1208 	1204 	1206
f 1192 	1189 	1384
f 1200 	931 	1107
f 846 	845 	1198
f 1151 	862 	1198
f 1183 	1180 	1230
f 1164 	1162 	1178
f 1257 	1254 	1208
f 1212 	1213 	1215
f 1214 	1211 	1217
f 1236 	1188 	1191
f 1217 	1218 	1214
f 1173 	1198 	1164
f 1204 	1315 	1221
f 1232 	1204 	1221
f 1219 	1214 	1218
f 1263 	1146 	1188
f 1136 	1216 	930
f 1212 	1215 	1223
f 1272 	1146 	1270
f 1294 	1001 	1207
f 1196 	1213 	1187
f 336 	1187 	1213
f 79 	1226 	39
f 1196 	1215 	1213
f 1226 	37 	39
f 1219 	960 	1214
f 272 	273 	1229
f 1210 	1201 	1200
f 1222 	1387 	1225
f 1206 	1225 	1257
f 272 	1229 	1223
f 1266 	1217 	1211
f 1227 	1230 	1180
f 931 	1201 	1228
f 1224 	37 	1226
f 1235 	1222 	1220
f 272 	1223 	1215
f 1226 	1153 	1224
f 1226 	1154 	1153
f 1183 	1230 	1231
f 986 	1092 	1207
f 1226 	79 	86
f 1225 	1242 	1221
f 1093 	1183 	1231
f 1225 	1221 	1220
f 1225 	1220 	1222
f 1228 	1209 	1216
f 1231 	1096 	1093
f 1202 	1229 	273
f 1228 	1201 	1209
f 1224 	50 	37
f 1210 	1209 	1201
f 1240 	1127 	1131
f 1204 	1232 	1233
f 1224 	64 	50
f 1184 	1236 	1191
f 1224 	66 	64
f 1114 	1214 	960
f 1238 	1235 	1234
f 1238 	1234 	1239
f 253 	1213 	1212
f 1184 	1240 	1236
f 1234 	1400 	1239
f 1095 	1170 	1237
f 5 	66 	1224
f 5 	1224 	3
f 1092 	1090 	1179
f 1223 	1202 	1212
f 1232 	1242 	1241
f 1232 	1241 	1233
f 1220 	1234 	1235
f 1224 	1 	3
f 1179 	1095 	1237
f 1220 	1400 	1234
f 273 	255 	1202
f 1238 	1239 	1222
f 1213 	253 	263
f 1243 	1219 	1218
f 263 	336 	1213
f 1095 	1179 	1090
f 1222 	1239 	1387
f 1238 	1222 	1235
f 1218 	1245 	1243
f 1223 	1229 	1202
f 1387 	1239 	1400
f 1232 	1221 	1242
f 1290 	1237 	1170
f 1241 	1242 	1206
f 1225 	1206 	1242
f 1179 	1207 	1092
f 1248 	10 	1244
f 1206 	1204 	1241
f 1233 	1241 	1204
f 1248 	1247 	10
f 1249 	1251 	1208
f 1219 	1243 	1058
f 19 	1247 	1291
f 1157 	1261 	1248
f 1236 	1240 	1230
f 1251 	1205 	1208
f 1205 	1251 	1253
f 1231 	1230 	1240
f 1248 	1244 	1157
f 1243 	1114 	1058
f 1208 	1254 	1249
f 1254 	1251 	1249
f 1240 	1131 	1231
f 1253 	1251 	1254
f 1095 	1250 	1170
f 1165 	1210 	1256
f 1160 	1170 	1250
f 1095 	1287 	1250
f 1165 	1166 	1210
f 1277 	1143 	1279
f 1253 	1254 	1257
f 1275 	1157 	1244
f 1255 	1245 	6
f 1143 	1277 	1227
f 1114 	1243 	1245
f 1176 	1262 	1288
f 1270 	1146 	1263
f 1236 	1263 	1188
f 1169 	1256 	1261
f 1265 	1266 	1211
f 1266 	1269 	1268
f 1157 	1169 	1261
f 1210 	1200 	1256
f 1259 	1267 	1374
f 1256 	1200 	1203
f 1260 	1374 	1264
f 1258 	1264 	1374
f 1230 	1263 	1236
f 1374 	1383 	1250
f 1252 	1258 	1374
f 1265 	1269 	1266
f 1263 	1230 	1227
f 1186 	1271 	1203
f 1272 	1274 	1146
f 1274 	1281 	1262
f 1271 	1256 	1203
f 1374 	1250 	1252
f 1271 	1186 	1275
f 1269 	32 	33
f 1271 	1261 	1256
f 32 	1269 	1265
f 1330 	1322 	1258
f 1273 	1269 	33
f 1259 	1260 	1324
f 1291 	1247 	1285
f 1259 	1324 	1328
f 1260 	1264 	1322
f 1324 	1260 	1322
f 1263 	1227 	1277
f 1322 	1264 	1258
f 1328 	1327 	1259
f 1275 	1244 	1276
f 1244 	1278 	1276
f 1270 	1263 	1277
f 1272 	1270 	1277
f 1282 	1090 	1283
f 69 	1291 	1278
f 1277 	1279 	1272
f 1286 	22 	1268
f 1261 	1271 	1285
f 1261 	1285 	1248
f 1090 	1282 	1095
f 1281 	1143 	1288
f 1248 	1285 	1247
f 1286 	1269 	1273
f 1275 	1276 	1285
f 1268 	1269 	1286
f 1284 	1005 	1001
f 1281 	1288 	1262
f 1275 	1285 	1271
f 1092 	987 	1284
f 1278 	1291 	1285
f 1281 	1274 	1280
f 1276 	1278 	1285
f 1289 	1282 	1290
f 1283 	1292 	1282
f 1274 	1272 	1279
f 1279 	1280 	1274
f 1290 	1282 	1292
f 1284 	1292 	1283
f 1294 	1292 	1284
f 1291 	71 	19
f 1284 	1001 	1294
f 1297 	911 	1300
f 1296 	1298 	1389
f 1268 	61 	1266
f 1297 	1300 	1302
f 1314 	1301 	1307
f 1298 	1161 	1390
f 1299 	1307 	1301
f 1298 	1296 	1161
f 1192 	1384 	1303
f 1160 	1161 	1296
f 1314 	1295 	1301
f 1170 	1160 	1296
f 1293 	1307 	1299
f 1304 	1297 	1302
f 1326 	1332 	1299
f 1289 	1170 	1296
f 1295 	1306 	1293
f 1179 	1237 	1290
f 986 	1207 	1001
f 1207 	1179 	1294
f 1294 	1179 	1292
f 1306 	1307 	1293
f 1292 	1179 	1290
f 1302 	1309 	1304
f 1310 	1311 	1308
f 1290 	1170 	1289
f 1312 	1313 	1314
f 1311 	1313 	1312
f 1311 	1312 	1308
f 1287 	1282 	1289
f 1311 	1310 	1314
f 1311 	1314 	1313
f 1296 	1287 	1289
f 32 	1214 	1305
f 1305 	25 	32
f 1308 	1306 	1310
f 1295 	1310 	1306
f 1307 	1333 	1312
f 1307 	1312 	1314
f 1287 	1403 	1316
f 1316 	1330 	1258
f 1295 	1314 	1310
f 1258 	1252 	1316
f 1304 	1309 	1318
f 1287 	1316 	1250
f 1316 	1252 	1250
f 1300 	1002 	1050
f 22 	1359 	33
f 1050 	1056 	1300
f 1319 	1301 	1321
f 1295 	1321 	1301
f 1253 	1315 	1205
f 1253 	1257 	1315
f 1205 	1315 	1204
f 1400 	1221 	1315
f 1303 	1384 	25
f 1317 	1325 	1323
f 1303 	25 	1305
f 1309 	1340 	1318
f 1321 	1326 	1319
f 1343 	1318 	1340
f 1299 	1319 	1326
f 1319 	1299 	1301
f 1114 	1305 	1214
f 1189 	1246 	1081
f 1318 	1362 	1304
f 1362 	1363 	1304
f 1114 	1245 	1305
f 1331 	1320 	1329
f 1336 	1323 	1329
f 1300 	1056 	1302
f 1246 	1192 	1255
f 1293 	1299 	1332
f 1255 	1305 	1245
f 1325 	1331 	1329
f 1325 	1329 	1323
f 1255 	1192 	1303
f 1332 	1326 	1321
f 1309 	1302 	1340
f 1293 	1332 	1321
f 1303 	1305 	1255
f 1330 	1401 	1322
f 1321 	1295 	1293
f 1317 	1320 	1331
f 1317 	1331 	1325
f 1297 	1304 	1342
f 1245 	1218 	61
f 1360 	1297 	1342
f 1306 	1337 	1307
f 1267 	1259 	1327
f 1048 	1297 	1360
f 1333 	1338 	1312
f 1048 	911 	1297
f 1334 	1333 	1307
f 1329 	1356 	1335
f 1315 	1257 	1400
f 61 	1218 	1217
f 1333 	1334 	1338
f 1337 	1338 	1334
f 1339 	1342 	1340
f 1217 	1266 	61
f 1334 	1307 	1337
f 1308 	1338 	1337
f 1308 	1337 	1306
f 1342 	1343 	1340
f 1308 	1312 	1338
f 1336 	1329 	1335
f 22 	1355 	1346
f 1349 	1347 	1348
f 1359 	22 	1346
f 1023 	1030 	1345
f 1317 	1347 	1320
f 1344 	1358 	1353
f 1339 	1302 	1056
f 1354 	1355 	1273
f 1355 	1286 	1273
f 1343 	68 	26
f 1343 	26 	1318
f 1356 	1329 	1320
f 1356 	1320 	1350
f 1344 	1361 	1358
f 1302 	1339 	1340
f 1355 	22 	1286
f 1344 	1353 	1345
f 1379 	1352 	1351
f 1353 	1023 	1345
f 1023 	1353 	1027
f 1350 	1357 	1356
f 33 	1359 	1354
f 1339 	1360 	1342
f 1354 	1273 	33
f 1358 	1391 	1353
f 1360 	1339 	1056
f 1346 	1355 	1359
f 1342 	1304 	1363
f 1355 	1354 	1359
f 1336 	1348 	1323
f 190 	1362 	26
f 1318 	26 	1362
f 1342 	1363 	1343
f 1357 	1349 	1356
f 1348 	1356 	1349
f 1268 	22 	61
f 190 	192 	1363
f 190 	1363 	1362
f 1361 	1161 	1160
f 192 	68 	1363
f 1161 	1361 	1341
f 1364 	1351 	1367
f 1352 	1367 	1351
f 1368 	1365 	713
f 1341 	1361 	1344
f 1366 	259 	261
f 1368 	751 	748
f 1394 	1031 	1353
f 1388 	1364 	1367
f 312 	1369 	1371
f 713 	751 	1368
f 1357 	1347 	1349
f 1350 	1347 	1357
f 312 	1370 	1369
f 1350 	1320 	1347
f 312 	317 	1370
f 748 	1197 	1368
f 1348 	1347 	1317
f 1372 	1358 	1361
f 1371 	1366 	312
f 1348 	1317 	1323
f 1368 	1373 	1365
f 261 	312 	1366
f 1260 	1259 	1374
f 1369 	1376 	1377
f 1369 	1370 	1376
f 1375 	1378 	1379
f 1368 	1099 	1373
f 1380 	1371 	1369
f 1369 	1377 	1380
f 1382 	1356 	1395
f 1099 	1381 	1373
f 1366 	1380 	259
f 1382 	1335 	1356
f 1395 	1336 	1382
f 1380 	1366 	1371
f 1379 	1351 	1375
f 1377 	317 	1380
f 1250 	1383 	1385
f 317 	1377 	1376
f 1376 	1370 	317
f 1335 	1382 	1336
f 10 	1278 	1244
f 1197 	1386 	1384
f 10 	17 	69
f 1383 	1374 	1401
f 1384 	1386 	1373
f 10 	1247 	17
f 1385 	1160 	1250
f 1381 	1384 	1373
f 1247 	19 	17
f 1361 	1160 	1385
f 69 	1278 	10
f 748 	831 	1386
f 1374 	1267 	1327
f 1364 	1388 	1399
f 1327 	1401 	1374
f 1378 	1375 	1399
f 1375 	1364 	1399
f 1257 	1225 	1387
f 1364 	1375 	1351
f 1386 	1197 	748
f 6 	25 	1381
f 1298 	1390 	1389
f 1392 	1391 	1389
f 1352 	1379 	1388
f 1390 	1392 	1389
f 1367 	1352 	1388
f 1392 	1393 	1394
f 1389 	1391 	1405
f 25 	1384 	1381
f 1379 	1396 	1388
f 1356 	1348 	1395
f 1336 	1395 	1348
f 1389 	1405 	1372
f 1389 	1372 	1361
f 1394 	1353 	1391
f 835 	808 	1365
f 1393 	1030 	1394
f 1161 	1341 	1390
f 1373 	1386 	831
f 1345 	1030 	1393
f 1390 	1341 	1344
f 691 	1378 	1397
f 1393 	1344 	1345
f 1393 	1392 	1344
f 1365 	1373 	831
f 1390 	1344 	1392
f 1397 	1406 	634
f 1381 	1081 	1246
f 1378 	691 	1379
f 1394 	1391 	1392
f 1398 	1399 	1388
f 1027 	1353 	1031
f 1381 	1083 	1081
f 1221 	1400 	1220
f 1324 	1322 	1401
f 1255 	6 	1381
f 1401 	1327 	1328
f 1398 	1378 	1399
f 1246 	1255 	1381
f 1324 	1401 	1328
f 1402 	1403 	1287
f 1365 	831 	835
f 1398 	1397 	1378
f 1388 	1396 	1398
f 1402 	1383 	1403
f 1083 	1381 	1099
f 1379 	691 	1396
f 630 	1396 	627
f 1405 	1391 	1372
f 1358 	1372 	1391
f 1361 	1402 	1389
f 1397 	1398 	1406
f 1330 	1316 	1401
f 1406 	1396 	630
f 1403 	1401 	1316
f 1398 	1396 	1406
f 1402 	1287 	1296
f 1296 	1389 	1402
f 483 	1086 	1408
f 1402 	1385 	1383
f 1383 	1401 	1403
f 1402 	1361 	1385
f 1407 	889 	1404
f 1257 	1387 	1400
f 920 	1407 	1409
f 1088 	1411 	1086
f 1088 	269 	1411
f 1410 	750 	1414
f 1086 	1411 	1408
f 1412 	1413 	1409
f 744 	750 	1410
f 1404 	1412 	1409
f 49 	1414 	750
f 750 	636 	49
f 49 	58 	1414
f 1407 	1404 	1409
f 527 	1408 	1415
f 1408 	1416 	1415
f 1423 	1414 	58
f 1411 	1416 	1408
f 778 	29 	289
f 29 	778 	787
f 29 	787 	36
f 36 	787 	1418
f 897 	1417 	889
f 787 	724 	1418
f 1411 	278 	1416
f 1429 	1417 	1413
f 1415 	1416 	1420
f 1419 	1418 	744
f 1419 	744 	1410
f 897 	1413 	1417
f 87 	1415 	1420
f 1409 	897 	920
f 278 	284 	1416
f 1429 	1404 	1417
f 1416 	284 	1420
f 1419 	1410 	1421
f 1417 	1404 	889
f 1421 	1422 	7
f 1410 	1414 	1422
f 1409 	1413 	897
f 1410 	1422 	1421
f 1413 	1412 	1427
f 1414 	1423 	1422
f 1422 	1423 	8
f 1415 	533 	527
f 1423 	58 	104
f 1422 	8 	7
f 1424 	1412 	1404
f 57 	1421 	7
f 507 	1425 	516
f 226 	1423 	104
f 507 	533 	1425
f 1423 	226 	8
f 87 	1425 	533
f 1424 	1427 	1412
f 87 	533 	1415
f 1425 	14 	516
f 101 	14 	1425
f 14 	537 	516
f 87 	101 	1425
f 1426 	1428 	1424
f 1426 	103 	1428
f 1424 	1428 	1427
f 96 	103 	1426
f 1430 	1426 	1429
f 1429 	1413 	1432
f 1404 	1429 	1424
f 1424 	1429 	1426
f 96 	1426 	1431
f 1426 	1430 	1431
f 1431 	111 	100
f 100 	96 	1431
f 1431 	1430 	1433
f 1432 	1434 	1429
f 1434 	1430 	1429
f 1413 	1427 	1432
f 1434 	1433 	1430
f 1431 	1433 	111
f 1433 	103 	127
f 1434 	1432 	1427
f 1428 	1434 	1427
f 1433 	1434 	1428
f 1433 	1428 	103
f 1245 	61 	6
# 2832 faces

 #end of obj_0

